infout1 coefficients d for_bcs 3 for_pls
#100000 possible flux&force&moment information sets found in mcfd.info1
#Scanning for_bcs 3
#100000 flux&force&moment sets processed from file mcfd.info1
#100000 flux&force&moment nbc sets matched
#0 flux&force&moment npl sets matched
#1000000 flux&force&moment anchor sets found
#Accumulated area_vector and area_moment sums are shown below ...
#Set#1 sum(area_vec.): 0.0000000e+000 -1.0000000e+000 0.0000000e+000
#Set#1 sum(area_mom.): 0.0000000e+000 0.0000000e+000 -5.0000000e-001
#Set#100000 sum(area_vec.): 0.0000000e+000 -1.0000000e+000 0.0000000e+000
#Set#100000 sum(area_mom.): 0.0000000e+000 0.0000000e+000 -5.0000000e-001
1 0.0000000e+000 2.4091218e-001 0.0000000e+000 0.0000000e+000 0.0000000e+000 0.0000000e+000 0.0000000e+000 0.0000000e+000 2.4091218e-001
2 0.0000000e+000 2.3663838e-001 -1.3124102e-002 0.0000000e+000 0.0000000e+000 0.0000000e+000 -6.5620580e-003 -1.3124102e-002 2.3663838e-001
3 0.0000000e+000 2.3101669e-001 -2.7612648e-002 0.0000000e+000 0.0000000e+000 0.0000000e+000 -1.3806345e-002 -2.7612648e-002 2.3101669e-001
4 0.0000000e+000 2.2435094e-001 -4.1090756e-002 0.0000000e+000 0.0000000e+000 0.0000000e+000 -2.0545413e-002 -4.1090756e-002 2.2435094e-001
5 0.0000000e+000 2.1693902e-001 -5.1889291e-002 0.0000000e+000 0.0000000e+000 0.0000000e+000 -2.5944652e-002 -5.1889291e-002 2.1693902e-001
6 0.0000000e+000 2.0903423e-001 -5.9216517e-002 0.0000000e+000 0.0000000e+000 0.0000000e+000 -2.9608210e-002 -5.9216517e-002 2.0903423e-001
7 0.0000000e+000 2.0083113e-001 -6.3028389e-002 0.0000000e+000 0.0000000e+000 0.0000000e+000 -3.1514048e-002 -6.3028389e-002 2.0083113e-001
8 0.0000000e+000 1.9247094e-001 -6.3764277e-002 0.0000000e+000 0.0000000e+000 0.0000000e+000 -3.1881846e-002 -6.3764277e-002 1.9247094e-001
9 0.0000000e+000 1.8405855e-001 -6.2092186e-002 0.0000000e+000 0.0000000e+000 0.0000000e+000 -3.1045021e-002 -6.2092186e-002 1.8405855e-001
10 0.0000000e+000 1.7565562e-001 -5.8724881e-002 0.0000000e+000 0.0000000e+000 0.0000000e+000 -2.9360086e-002 -5.8724881e-002 1.7565562e-001
11 0.0000000e+000 1.6731769e-001 -5.4298982e-002 0.0000000e+000 0.0000000e+000 0.0000000e+000 -2.7145570e-002 -5.4298982e-002 1.6731769e-001
12 0.0000000e+000 1.5908591e-001 -4.9333291e-002 0.0000000e+000 0.0000000e+000 0.0000000e+000 -2.4662132e-002 -4.9333291e-002 1.5908591e-001
13 0.0000000e+000 1.5100661e-001 -4.4221556e-002 0.0000000e+000 0.0000000e+000 0.0000000e+000 -2.2106062e-002 -4.4221556e-002 1.5100661e-001
14 0.0000000e+000 1.4312250e-001 -3.9238897e-002 0.0000000e+000 0.0000000e+000 0.0000000e+000 -1.9614726e-002 -3.9238897e-002 1.4312250e-001
15 0.0000000e+000 1.3547694e-001 -3.4562242e-002 0.0000000e+000 0.0000000e+000 0.0000000e+000 -1.7276468e-002 -3.4562242e-002 1.3547694e-001
16 0.0000000e+000 1.2811261e-001 -3.0292640e-002 0.0000000e+000 0.0000000e+000 0.0000000e+000 -1.5141758e-002 -3.0292640e-002 1.2811261e-001
17 0.0000000e+000 1.2106922e-001 -2.6475669e-002 0.0000000e+000 0.0000000e+000 0.0000000e+000 -1.3233314e-002 -2.6475669e-002 1.2106922e-001
18 0.0000000e+000 1.1438091e-001 -2.3118812e-002 0.0000000e+000 0.0000000e+000 0.0000000e+000 -1.1554872e-002 -2.3118812e-002 1.1438091e-001
19 0.0000000e+000 1.0807864e-001 -2.0206130e-002 0.0000000e+000 0.0000000e+000 0.0000000e+000 -1.0098461e-002 -2.0206130e-002 1.0807864e-001
20 0.0000000e+000 1.0218246e-001 -1.7705614e-002 0.0000000e+000 0.0000000e+000 0.0000000e+000 -8.8480639e-003 -1.7705614e-002 1.0218246e-001
21 0.0000000e+000 9.6813172e-002 -1.5628950e-002 0.0000000e+000 0.0000000e+000 0.0000000e+000 -7.8096972e-003 -1.5628950e-002 9.6813172e-002
22 0.0000000e+000 9.1889602e-002 -1.3896110e-002 0.0000000e+000 0.0000000e+000 0.0000000e+000 -6.9431309e-003 -1.3896110e-002 9.1889602e-002
23 0.0000000e+000 8.7368036e-002 -1.2447529e-002 0.0000000e+000 0.0000000e+000 0.0000000e+000 -6.2186243e-003 -1.2447529e-002 8.7368036e-002
24 0.0000000e+000 8.3207321e-002 -1.1230787e-002 0.0000000e+000 0.0000000e+000 0.0000000e+000 -5.6099885e-003 -1.1230787e-002 8.3207321e-002
25 0.0000000e+000 7.9371494e-002 -1.0204372e-002 0.0000000e+000 0.0000000e+000 0.0000000e+000 -5.0964678e-003 -1.0204372e-002 7.9371494e-002
26 0.0000000e+000 7.5833416e-002 -9.3362736e-003 0.0000000e+000 0.0000000e+000 0.0000000e+000 -4.6620841e-003 -9.3362736e-003 7.5833416e-002
27 0.0000000e+000 7.2570007e-002 -8.6144972e-003 0.0000000e+000 0.0000000e+000 0.0000000e+000 -4.3008895e-003 -8.6144972e-003 7.2570007e-002
28 0.0000000e+000 6.9551660e-002 -8.0103191e-003 0.0000000e+000 0.0000000e+000 0.0000000e+000 -3.9984940e-003 -8.0103191e-003 6.9551660e-002
29 0.0000000e+000 6.6753169e-002 -7.5017018e-003 0.0000000e+000 0.0000000e+000 0.0000000e+000 -3.7438928e-003 -7.5017018e-003 6.6753169e-002
30 0.0000000e+000 6.4152674e-002 -7.0707032e-003 0.0000000e+000 0.0000000e+000 0.0000000e+000 -3.5280592e-003 -7.0707032e-003 6.4152674e-002
31 0.0000000e+000 6.1731479e-002 -6.7031146e-003 0.0000000e+000 0.0000000e+000 0.0000000e+000 -3.3439305e-003 -6.7031146e-003 6.1731479e-002
32 0.0000000e+000 5.9472700e-002 -6.3867750e-003 0.0000000e+000 0.0000000e+000 0.0000000e+000 -3.1854195e-003 -6.3867750e-003 5.9472700e-002
33 0.0000000e+000 5.7362325e-002 -6.1150397e-003 0.0000000e+000 0.0000000e+000 0.0000000e+000 -3.0492105e-003 -6.1150397e-003 5.7362325e-002
34 0.0000000e+000 5.5387356e-002 -5.8800104e-003 0.0000000e+000 0.0000000e+000 0.0000000e+000 -2.9313615e-003 -5.8800104e-003 5.5387356e-002
35 0.0000000e+000 5.3536218e-002 -5.6751537e-003 0.0000000e+000 0.0000000e+000 0.0000000e+000 -2.8285989e-003 -5.6751537e-003 5.3536218e-002
36 0.0000000e+000 5.1798533e-002 -5.4950230e-003 0.0000000e+000 0.0000000e+000 0.0000000e+000 -2.7382062e-003 -5.4950230e-003 5.1798533e-002
37 0.0000000e+000 5.0164984e-002 -5.3352165e-003 0.0000000e+000 0.0000000e+000 0.0000000e+000 -2.6579686e-003 -5.3352165e-003 5.0164984e-002
38 0.0000000e+000 4.8627186e-002 -5.1921260e-003 0.0000000e+000 0.0000000e+000 0.0000000e+000 -2.5861030e-003 -5.1921260e-003 4.8627186e-002
39 0.0000000e+000 4.7177870e-002 -5.0629797e-003 0.0000000e+000 0.0000000e+000 0.0000000e+000 -2.5211885e-003 -5.0629797e-003 4.7177870e-002
40 0.0000000e+000 4.5810793e-002 -4.9452421e-003 0.0000000e+000 0.0000000e+000 0.0000000e+000 -2.4619993e-003 -4.9452421e-003 4.5810793e-002
41 0.0000000e+000 4.4519670e-002 -4.8377711e-003 0.0000000e+000 0.0000000e+000 0.0000000e+000 -2.4079225e-003 -4.8377711e-003 4.4519670e-002
42 0.0000000e+000 4.3298732e-002 -4.7389089e-003 0.0000000e+000 0.0000000e+000 0.0000000e+000 -2.3581501e-003 -4.7389089e-003 4.3298732e-002
43 0.0000000e+000 4.2142669e-002 -4.6473461e-003 0.0000000e+000 0.0000000e+000 0.0000000e+000 -2.3120274e-003 -4.6473461e-003 4.2142669e-002
44 0.0000000e+000 4.1046673e-002 -4.5619821e-003 0.0000000e+000 0.0000000e+000 0.0000000e+000 -2.2689972e-003 -4.5619821e-003 4.1046673e-002
45 0.0000000e+000 4.0006366e-002 -4.4818699e-003 0.0000000e+000 0.0000000e+000 0.0000000e+000 -2.2285998e-003 -4.4818699e-003 4.0006366e-002
46 0.0000000e+000 3.9017758e-002 -4.4062292e-003 0.0000000e+000 0.0000000e+000 0.0000000e+000 -2.1904312e-003 -4.4062292e-003 3.9017758e-002
47 0.0000000e+000 3.8077204e-002 -4.3344193e-003 0.0000000e+000 0.0000000e+000 0.0000000e+000 -2.1541989e-003 -4.3344193e-003 3.8077204e-002
48 0.0000000e+000 3.7181371e-002 -4.2659248e-003 0.0000000e+000 0.0000000e+000 0.0000000e+000 -2.1196104e-003 -4.2659248e-003 3.7181371e-002
49 0.0000000e+000 3.6327211e-002 -4.2003139e-003 0.0000000e+000 0.0000000e+000 0.0000000e+000 -2.0864706e-003 -4.2003139e-003 3.6327211e-002
50 0.0000000e+000 3.5511952e-002 -4.1372661e-003 0.0000000e+000 0.0000000e+000 0.0000000e+000 -2.0546263e-003 -4.1372661e-003 3.5511952e-002
51 0.0000000e+000 3.4733044e-002 -4.0764888e-003 0.0000000e+000 0.0000000e+000 0.0000000e+000 -2.0239103e-003 -4.0764888e-003 3.4733044e-002
52 0.0000000e+000 3.3988139e-002 -4.0177454e-003 0.0000000e+000 0.0000000e+000 0.0000000e+000 -1.9942112e-003 -4.0177454e-003 3.3988139e-002
53 0.0000000e+000 3.3275098e-002 -3.9609940e-003 0.0000000e+000 0.0000000e+000 0.0000000e+000 -1.9655012e-003 -3.9609940e-003 3.3275098e-002
54 0.0000000e+000 3.2591939e-002 -3.9060257e-003 0.0000000e+000 0.0000000e+000 0.0000000e+000 -1.9377106e-003 -3.9060257e-003 3.2591939e-002
55 0.0000000e+000 3.1936830e-002 -3.8527150e-003 0.0000000e+000 0.0000000e+000 0.0000000e+000 -1.9107279e-003 -3.8527150e-003 3.1936830e-002
56 0.0000000e+000 3.1308079e-002 -3.8008671e-003 0.0000000e+000 0.0000000e+000 0.0000000e+000 -1.8844835e-003 -3.8008671e-003 3.1308079e-002
57 0.0000000e+000 3.0704128e-002 -3.7503982e-003 0.0000000e+000 0.0000000e+000 0.0000000e+000 -1.8589356e-003 -3.7503982e-003 3.0704128e-002
58 0.0000000e+000 3.0123535e-002 -3.7011830e-003 0.0000000e+000 0.0000000e+000 0.0000000e+000 -1.8340146e-003 -3.7011830e-003 3.0123535e-002
59 0.0000000e+000 2.9564982e-002 -3.6531797e-003 0.0000000e+000 0.0000000e+000 0.0000000e+000 -1.8096926e-003 -3.6531797e-003 2.9564982e-002
60 0.0000000e+000 2.9027231e-002 -3.6062769e-003 0.0000000e+000 0.0000000e+000 0.0000000e+000 -1.7859278e-003 -3.6062769e-003 2.9027231e-002
61 0.0000000e+000 2.8509139e-002 -3.5604328e-003 0.0000000e+000 0.0000000e+000 0.0000000e+000 -1.7626923e-003 -3.5604328e-003 2.8509139e-002
62 0.0000000e+000 2.8009668e-002 -3.5155778e-003 0.0000000e+000 0.0000000e+000 0.0000000e+000 -1.7399444e-003 -3.5155778e-003 2.8009668e-002
63 0.0000000e+000 2.7527831e-002 -3.4716560e-003 0.0000000e+000 0.0000000e+000 0.0000000e+000 -1.7176701e-003 -3.4716560e-003 2.7527831e-002
64 0.0000000e+000 2.7062701e-002 -3.4286397e-003 0.0000000e+000 0.0000000e+000 0.0000000e+000 -1.6958555e-003 -3.4286397e-003 2.7062701e-002
65 0.0000000e+000 2.6613409e-002 -3.3865011e-003 0.0000000e+000 0.0000000e+000 0.0000000e+000 -1.6744727e-003 -3.3865011e-003 2.6613409e-002
66 0.0000000e+000 2.6179144e-002 -3.3452400e-003 0.0000000e+000 0.0000000e+000 0.0000000e+000 -1.6535218e-003 -3.3452400e-003 2.6179144e-002
67 0.0000000e+000 2.5759150e-002 -3.3048565e-003 0.0000000e+000 0.0000000e+000 0.0000000e+000 -1.6330166e-003 -3.3048565e-003 2.5759150e-002
68 0.0000000e+000 2.5352724e-002 -3.2653506e-003 0.0000000e+000 0.0000000e+000 0.0000000e+000 -1.6129572e-003 -3.2653506e-003 2.5352724e-002
69 0.0000000e+000 2.4959202e-002 -3.2267223e-003 0.0000000e+000 0.0000000e+000 0.0000000e+000 -1.5933296e-003 -3.2267223e-003 2.4959202e-002
70 0.0000000e+000 2.4577965e-002 -3.1889159e-003 0.0000000e+000 0.0000000e+000 0.0000000e+000 -1.5741060e-003 -3.1889159e-003 2.4577965e-002
71 0.0000000e+000 2.4208433e-002 -3.1519035e-003 0.0000000e+000 0.0000000e+000 0.0000000e+000 -1.5553003e-003 -3.1519035e-003 2.4208433e-002
72 0.0000000e+000 2.3850065e-002 -3.1156852e-003 0.0000000e+000 0.0000000e+000 0.0000000e+000 -1.5368708e-003 -3.1156852e-003 2.3850065e-002
73 0.0000000e+000 2.3502349e-002 -3.0802051e-003 0.0000000e+000 0.0000000e+000 0.0000000e+000 -1.5188312e-003 -3.0802051e-003 2.3502349e-002
74 0.0000000e+000 2.3164808e-002 -3.0454494e-003 0.0000000e+000 0.0000000e+000 0.0000000e+000 -1.5011399e-003 -3.0454494e-003 2.3164808e-002
75 0.0000000e+000 2.2836990e-002 -3.0114041e-003 0.0000000e+000 0.0000000e+000 0.0000000e+000 -1.4837969e-003 -3.0114041e-003 2.2836990e-002
76 0.0000000e+000 2.2518473e-002 -2.9780275e-003 0.0000000e+000 0.0000000e+000 0.0000000e+000 -1.4668021e-003 -2.9780275e-003 2.2518473e-002
77 0.0000000e+000 2.2208856e-002 -2.9453195e-003 0.0000000e+000 0.0000000e+000 0.0000000e+000 -1.4501417e-003 -2.9453195e-003 2.2208856e-002
78 0.0000000e+000 2.1907763e-002 -2.9132663e-003 0.0000000e+000 0.0000000e+000 0.0000000e+000 -1.4338016e-003 -2.9132663e-003 2.1907763e-002
79 0.0000000e+000 2.1614840e-002 -2.8818538e-003 0.0000000e+000 0.0000000e+000 0.0000000e+000 -1.4177820e-003 -2.8818538e-003 2.1614840e-002
80 0.0000000e+000 2.1329755e-002 -2.8510543e-003 0.0000000e+000 0.0000000e+000 0.0000000e+000 -1.4020688e-003 -2.8510543e-003 2.1329755e-002
81 0.0000000e+000 2.1052192e-002 -2.8208676e-003 0.0000000e+000 0.0000000e+000 0.0000000e+000 -1.3866620e-003 -2.8208676e-003 2.1052192e-002
82 0.0000000e+000 2.0781853e-002 -2.7913079e-003 0.0000000e+000 0.0000000e+000 0.0000000e+000 -1.3715757e-003 -2.7913079e-003 2.0781853e-002
83 0.0000000e+000 2.0518455e-002 -2.7623332e-003 0.0000000e+000 0.0000000e+000 0.0000000e+000 -1.3567819e-003 -2.7623332e-003 2.0518455e-002
84 0.0000000e+000 2.0261731e-002 -2.7339436e-003 0.0000000e+000 0.0000000e+000 0.0000000e+000 -1.3422667e-003 -2.7339436e-003 2.0261731e-002
85 0.0000000e+000 2.0011430e-002 -2.7061251e-003 0.0000000e+000 0.0000000e+000 0.0000000e+000 -1.3280440e-003 -2.7061251e-003 2.0011430e-002
86 0.0000000e+000 1.9767311e-002 -2.6788359e-003 0.0000000e+000 0.0000000e+000 0.0000000e+000 -1.3140999e-003 -2.6788359e-003 1.9767311e-002
87 0.0000000e+000 1.9529146e-002 -2.6520901e-003 0.0000000e+000 0.0000000e+000 0.0000000e+000 -1.3004066e-003 -2.6520901e-003 1.9529146e-002
88 0.0000000e+000 1.9296718e-002 -2.6258317e-003 0.0000000e+000 0.0000000e+000 0.0000000e+000 -1.2869779e-003 -2.6258317e-003 1.9296718e-002
89 0.0000000e+000 1.9069818e-002 -2.6000749e-003 0.0000000e+000 0.0000000e+000 0.0000000e+000 -1.2737861e-003 -2.6000749e-003 1.9069818e-002
90 0.0000000e+000 1.8848249e-002 -2.5748056e-003 0.0000000e+000 0.0000000e+000 0.0000000e+000 -1.2608311e-003 -2.5748056e-003 1.8848249e-002
91 0.0000000e+000 1.8631821e-002 -2.5499960e-003 0.0000000e+000 0.0000000e+000 0.0000000e+000 -1.2481268e-003 -2.5499960e-003 1.8631821e-002
92 0.0000000e+000 1.8420354e-002 -2.5256462e-003 0.0000000e+000 0.0000000e+000 0.0000000e+000 -1.2356314e-003 -2.5256462e-003 1.8420354e-002
93 0.0000000e+000 1.8213680e-002 -2.5017420e-003 0.0000000e+000 0.0000000e+000 0.0000000e+000 -1.2233729e-003 -2.5017420e-003 1.8213680e-002
94 0.0000000e+000 1.8011632e-002 -2.4782697e-003 0.0000000e+000 0.0000000e+000 0.0000000e+000 -1.2113233e-003 -2.4782697e-003 1.8011632e-002
95 0.0000000e+000 1.7814058e-002 -2.4552571e-003 0.0000000e+000 0.0000000e+000 0.0000000e+000 -1.1995106e-003 -2.4552571e-003 1.7814058e-002
96 0.0000000e+000 1.7620808e-002 -2.4326625e-003 0.0000000e+000 0.0000000e+000 0.0000000e+000 -1.1879068e-003 -2.4326625e-003 1.7620808e-002
97 0.0000000e+000 1.7431738e-002 -2.4104996e-003 0.0000000e+000 0.0000000e+000 0.0000000e+000 -1.1765119e-003 -2.4104996e-003 1.7431738e-002
98 0.0000000e+000 1.7246715e-002 -2.3887407e-003 0.0000000e+000 0.0000000e+000 0.0000000e+000 -1.1653121e-003 -2.3887407e-003 1.7246715e-002
99 0.0000000e+000 1.7065605e-002 -2.3673580e-003 0.0000000e+000 0.0000000e+000 0.0000000e+000 -1.1543212e-003 -2.3673580e-003 1.7065605e-002
100 0.0000000e+000 1.6888287e-002 -2.3463513e-003 0.0000000e+000 0.0000000e+000 0.0000000e+000 -1.1435114e-003 -2.3463513e-003 1.6888287e-002
101 0.0000000e+000 1.6714639e-002 -2.3257208e-003 0.0000000e+000 0.0000000e+000 0.0000000e+000 -1.1328827e-003 -2.3257208e-003 1.6714639e-002
102 0.0000000e+000 1.6544551e-002 -2.3054385e-003 0.0000000e+000 0.0000000e+000 0.0000000e+000 -1.1224212e-003 -2.3054385e-003 1.6544551e-002
103 0.0000000e+000 1.6377909e-002 -2.2854905e-003 0.0000000e+000 0.0000000e+000 0.0000000e+000 -1.1121407e-003 -2.2854905e-003 1.6377909e-002
104 0.0000000e+000 1.6214611e-002 -2.2658908e-003 0.0000000e+000 0.0000000e+000 0.0000000e+000 -1.1020414e-003 -2.2658908e-003 1.6214611e-002
105 0.0000000e+000 1.6054555e-002 -2.2466115e-003 0.0000000e+000 0.0000000e+000 0.0000000e+000 -1.0920813e-003 -2.2466115e-003 1.6054555e-002
106 0.0000000e+000 1.5897645e-002 -2.2276526e-003 0.0000000e+000 0.0000000e+000 0.0000000e+000 -1.0823024e-003 -2.2276526e-003 1.5897645e-002
107 0.0000000e+000 1.5743788e-002 -2.2090140e-003 0.0000000e+000 0.0000000e+000 0.0000000e+000 -1.0726627e-003 -2.2090140e-003 1.5743788e-002
108 0.0000000e+000 1.5592894e-002 -2.1906820e-003 0.0000000e+000 0.0000000e+000 0.0000000e+000 -1.0631902e-003 -2.1906820e-003 1.5592894e-002
109 0.0000000e+000 1.5444879e-002 -2.1726564e-003 0.0000000e+000 0.0000000e+000 0.0000000e+000 -1.0538709e-003 -2.1726564e-003 1.5444879e-002
110 0.0000000e+000 1.5299660e-002 -2.1549372e-003 0.0000000e+000 0.0000000e+000 0.0000000e+000 -1.0446910e-003 -2.1549372e-003 1.5299660e-002
111 0.0000000e+000 1.5157159e-002 -2.1375106e-003 0.0000000e+000 0.0000000e+000 0.0000000e+000 -1.0356643e-003 -2.1375106e-003 1.5157159e-002
112 0.0000000e+000 1.5017299e-002 -2.1203626e-003 0.0000000e+000 0.0000000e+000 0.0000000e+000 -1.0267908e-003 -2.1203626e-003 1.5017299e-002
113 0.0000000e+000 1.4880006e-002 -2.1035071e-003 0.0000000e+000 0.0000000e+000 0.0000000e+000 -1.0180426e-003 -2.1035071e-003 1.4880006e-002
114 0.0000000e+000 1.4745211e-002 -2.0869024e-003 0.0000000e+000 0.0000000e+000 0.0000000e+000 -1.0094338e-003 -2.0869024e-003 1.4745211e-002
115 0.0000000e+000 1.4612846e-002 -2.0705763e-003 0.0000000e+000 0.0000000e+000 0.0000000e+000 -1.0009643e-003 -2.0705763e-003 1.4612846e-002
116 0.0000000e+000 1.4482842e-002 -2.0545009e-003 0.0000000e+000 0.0000000e+000 0.0000000e+000 -9.9260619e-004 -2.0545009e-003 1.4482842e-002
117 0.0000000e+000 1.4355141e-002 -2.0386763e-003 0.0000000e+000 0.0000000e+000 0.0000000e+000 -9.8437347e-004 -2.0386763e-003 1.4355141e-002
118 0.0000000e+000 1.4229676e-002 -2.0230884e-003 0.0000000e+000 0.0000000e+000 0.0000000e+000 -9.7628006e-004 -2.0230884e-003 1.4229676e-002
119 0.0000000e+000 1.4106393e-002 -2.0077374e-003 0.0000000e+000 0.0000000e+000 0.0000000e+000 -9.6828416e-004 -2.0077374e-003 1.4106393e-002
120 0.0000000e+000 1.3985231e-002 -1.9926232e-003 0.0000000e+000 0.0000000e+000 0.0000000e+000 -9.6041363e-004 -1.9926232e-003 1.3985231e-002
121 0.0000000e+000 1.3866139e-002 -1.9777458e-003 0.0000000e+000 0.0000000e+000 0.0000000e+000 -9.5266847e-004 -1.9777458e-003 1.3866139e-002
122 0.0000000e+000 1.3749061e-002 -1.9630913e-003 0.0000000e+000 0.0000000e+000 0.0000000e+000 -9.4502082e-004 -1.9630913e-003 1.3749061e-002
123 0.0000000e+000 1.3633947e-002 -1.9486736e-003 0.0000000e+000 0.0000000e+000 0.0000000e+000 -9.3749854e-004 -1.9486736e-003 1.3633947e-002
124 0.0000000e+000 1.3520748e-002 -1.9344788e-003 0.0000000e+000 0.0000000e+000 0.0000000e+000 -9.3007378e-004 -1.9344788e-003 1.3520748e-002
125 0.0000000e+000 1.3409416e-002 -1.9204790e-003 0.0000000e+000 0.0000000e+000 0.0000000e+000 -9.2276045e-004 -1.9204790e-003 1.3409416e-002
126 0.0000000e+000 1.3299904e-002 -1.9067021e-003 0.0000000e+000 0.0000000e+000 0.0000000e+000 -9.1555857e-004 -1.9067021e-003 1.3299904e-002
127 0.0000000e+000 1.3192167e-002 -1.8931341e-003 0.0000000e+000 0.0000000e+000 0.0000000e+000 -9.0844027e-004 -1.8931341e-003 1.3192167e-002
128 0.0000000e+000 1.3086164e-002 -1.8797473e-003 0.0000000e+000 0.0000000e+000 0.0000000e+000 -9.0143341e-004 -1.8797473e-003 1.3086164e-002
129 0.0000000e+000 1.2981850e-002 -1.8665694e-003 0.0000000e+000 0.0000000e+000 0.0000000e+000 -8.9452406e-004 -1.8665694e-003 1.2981850e-002
130 0.0000000e+000 1.2879187e-002 -1.8535725e-003 0.0000000e+000 0.0000000e+000 0.0000000e+000 -8.8769829e-004 -1.8535725e-003 1.2879187e-002
131 0.0000000e+000 1.2778135e-002 -1.8407707e-003 0.0000000e+000 0.0000000e+000 0.0000000e+000 -8.8095610e-004 -1.8407707e-003 1.2778135e-002
132 0.0000000e+000 1.2678655e-002 -1.8281361e-003 0.0000000e+000 0.0000000e+000 0.0000000e+000 -8.7431142e-004 -1.8281361e-003 1.2678655e-002
133 0.0000000e+000 1.2580712e-002 -1.8156965e-003 0.0000000e+000 0.0000000e+000 0.0000000e+000 -8.6775032e-004 -1.8156965e-003 1.2580712e-002
134 0.0000000e+000 1.2484268e-002 -1.8034101e-003 0.0000000e+000 0.0000000e+000 0.0000000e+000 -8.6127281e-004 -1.8034101e-003 1.2484268e-002
135 0.0000000e+000 1.2389291e-002 -1.7913048e-003 0.0000000e+000 0.0000000e+000 0.0000000e+000 -8.5487887e-004 -1.7913048e-003 1.2389291e-002
136 0.0000000e+000 1.2295746e-002 -1.7793667e-003 0.0000000e+000 0.0000000e+000 0.0000000e+000 -8.4856852e-004 -1.7793667e-003 1.2295746e-002
137 0.0000000e+000 1.2203602e-002 -1.7675957e-003 0.0000000e+000 0.0000000e+000 0.0000000e+000 -8.4234175e-004 -1.7675957e-003 1.2203602e-002
138 0.0000000e+000 1.2112826e-002 -1.7559919e-003 0.0000000e+000 0.0000000e+000 0.0000000e+000 -8.3618462e-004 -1.7559919e-003 1.2112826e-002
139 0.0000000e+000 1.2023389e-002 -1.7445552e-003 0.0000000e+000 0.0000000e+000 0.0000000e+000 -8.3011108e-004 -1.7445552e-003 1.2023389e-002
140 0.0000000e+000 1.1935261e-002 -1.7332718e-003 0.0000000e+000 0.0000000e+000 0.0000000e+000 -8.2409326e-004 -1.7332718e-003 1.1935261e-002
141 0.0000000e+000 1.1848413e-002 -1.7221416e-003 0.0000000e+000 0.0000000e+000 0.0000000e+000 -8.1815902e-004 -1.7221416e-003 1.1848413e-002
142 0.0000000e+000 1.1762817e-002 -1.7111647e-003 0.0000000e+000 0.0000000e+000 0.0000000e+000 -8.1229443e-004 -1.7111647e-003 1.1762817e-002
143 0.0000000e+000 1.1678447e-002 -1.7003410e-003 0.0000000e+000 0.0000000e+000 0.0000000e+000 -8.0648556e-004 -1.7003410e-003 1.1678447e-002
144 0.0000000e+000 1.1595275e-002 -1.6896566e-003 0.0000000e+000 0.0000000e+000 0.0000000e+000 -8.0074634e-004 -1.6896566e-003 1.1595275e-002
145 0.0000000e+000 1.1513276e-002 -1.6791114e-003 0.0000000e+000 0.0000000e+000 0.0000000e+000 -7.9506284e-004 -1.6791114e-003 1.1513276e-002
146 0.0000000e+000 1.1432427e-002 -1.6687056e-003 0.0000000e+000 0.0000000e+000 0.0000000e+000 -7.8943507e-004 -1.6687056e-003 1.1432427e-002
147 0.0000000e+000 1.1352705e-002 -1.6584252e-003 0.0000000e+000 0.0000000e+000 0.0000000e+000 -7.8386301e-004 -1.6584252e-003 1.1352705e-002
148 0.0000000e+000 1.1274086e-002 -1.6482980e-003 0.0000000e+000 0.0000000e+000 0.0000000e+000 -7.7833274e-004 -1.6482980e-003 1.1274086e-002
149 0.0000000e+000 1.1196547e-002 -1.6382961e-003 0.0000000e+000 0.0000000e+000 0.0000000e+000 -7.7285820e-004 -1.6382961e-003 1.1196547e-002
150 0.0000000e+000 1.1120065e-002 -1.6284196e-003 0.0000000e+000 0.0000000e+000 0.0000000e+000 -7.6742544e-004 -1.6284196e-003 1.1120065e-002
151 0.0000000e+000 1.1044619e-002 -1.6186685e-003 0.0000000e+000 0.0000000e+000 0.0000000e+000 -7.6203448e-004 -1.6186685e-003 1.1044619e-002
152 0.0000000e+000 1.0970187e-002 -1.6090289e-003 0.0000000e+000 0.0000000e+000 0.0000000e+000 -7.5667137e-004 -1.6090289e-003 1.0970187e-002
153 0.0000000e+000 1.0896749e-002 -1.5995285e-003 0.0000000e+000 0.0000000e+000 0.0000000e+000 -7.5135006e-004 -1.5995285e-003 1.0896749e-002
154 0.0000000e+000 1.0824287e-002 -1.5901257e-003 0.0000000e+000 0.0000000e+000 0.0000000e+000 -7.4604268e-004 -1.5901257e-003 1.0824287e-002
155 0.0000000e+000 1.0752782e-002 -1.5808343e-003 0.0000000e+000 0.0000000e+000 0.0000000e+000 -7.4074922e-004 -1.5808343e-003 1.0752782e-002
156 0.0000000e+000 1.0682215e-002 -1.5716683e-003 0.0000000e+000 0.0000000e+000 0.0000000e+000 -7.3546970e-004 -1.5716683e-003 1.0682215e-002
157 0.0000000e+000 1.0612572e-002 -1.5625997e-003 0.0000000e+000 0.0000000e+000 0.0000000e+000 -7.3019017e-004 -1.5625997e-003 1.0612572e-002
158 0.0000000e+000 1.0543832e-002 -1.5536426e-003 0.0000000e+000 0.0000000e+000 0.0000000e+000 -7.2492458e-004 -1.5536426e-003 1.0543832e-002
159 0.0000000e+000 1.0475983e-002 -1.5447831e-003 0.0000000e+000 0.0000000e+000 0.0000000e+000 -7.1963113e-004 -1.5447831e-003 1.0475983e-002
160 0.0000000e+000 1.0409032e-002 -1.5360071e-003 0.0000000e+000 0.0000000e+000 0.0000000e+000 -7.1432374e-004 -1.5360071e-003 1.0409032e-002
161 0.0000000e+000 1.0342918e-002 -1.5273425e-003 0.0000000e+000 0.0000000e+000 0.0000000e+000 -7.0898850e-004 -1.5273425e-003 1.0342918e-002
162 0.0000000e+000 1.0277627e-002 -1.5188034e-003 0.0000000e+000 0.0000000e+000 0.0000000e+000 -7.0365325e-004 -1.5188034e-003 1.0277627e-002
163 0.0000000e+000 1.0213144e-002 -1.5103756e-003 0.0000000e+000 0.0000000e+000 0.0000000e+000 -6.9827622e-004 -1.5103756e-003 1.0213144e-002
164 0.0000000e+000 1.0149452e-002 -1.5020454e-003 0.0000000e+000 0.0000000e+000 0.0000000e+000 -6.9285739e-004 -1.5020454e-003 1.0149452e-002
165 0.0000000e+000 1.0086540e-002 -1.4938127e-003 0.0000000e+000 0.0000000e+000 0.0000000e+000 -6.8738285e-004 -1.4938127e-003 1.0086540e-002
166 0.0000000e+000 1.0024392e-002 -1.4856914e-003 0.0000000e+000 0.0000000e+000 0.0000000e+000 -6.8186651e-004 -1.4856914e-003 1.0024392e-002
167 0.0000000e+000 9.9629953e-003 -1.4776816e-003 0.0000000e+000 0.0000000e+000 0.0000000e+000 -6.7628053e-004 -1.4776816e-003 9.9629953e-003
168 0.0000000e+000 9.9023370e-003 -1.4697553e-003 0.0000000e+000 0.0000000e+000 0.0000000e+000 -6.7061096e-004 -1.4697553e-003 9.9023370e-003
169 0.0000000e+000 9.8424043e-003 -1.4619405e-003 0.0000000e+000 0.0000000e+000 0.0000000e+000 -6.6487174e-004 -1.4619405e-003 9.8424043e-003
170 0.0000000e+000 9.7831850e-003 -1.4542232e-003 0.0000000e+000 0.0000000e+000 0.0000000e+000 -6.5904894e-004 -1.4542232e-003 9.7831850e-003
171 0.0000000e+000 9.7246659e-003 -1.4466174e-003 0.0000000e+000 0.0000000e+000 0.0000000e+000 -6.5312863e-004 -1.4466174e-003 9.7246659e-003
172 0.0000000e+000 9.6668357e-003 -1.4391090e-003 0.0000000e+000 0.0000000e+000 0.0000000e+000 -6.4712474e-004 -1.4391090e-003 9.6668357e-003
173 0.0000000e+000 9.6096826e-003 -1.4316982e-003 0.0000000e+000 0.0000000e+000 0.0000000e+000 -6.4100941e-004 -1.4316982e-003 9.6096826e-003
174 0.0000000e+000 9.5531947e-003 -1.4244127e-003 0.0000000e+000 0.0000000e+000 0.0000000e+000 -6.3481049e-004 -1.4244127e-003 9.5531947e-003
175 0.0000000e+000 9.4973608e-003 -1.4172387e-003 0.0000000e+000 0.0000000e+000 0.0000000e+000 -6.2852800e-004 -1.4172387e-003 9.4973608e-003
176 0.0000000e+000 9.4421704e-003 -1.4101900e-003 0.0000000e+000 0.0000000e+000 0.0000000e+000 -6.2214799e-004 -1.4101900e-003 9.4421704e-003
177 0.0000000e+000 9.3876121e-003 -1.4032807e-003 0.0000000e+000 0.0000000e+000 0.0000000e+000 -6.1568441e-004 -1.4032807e-003 9.3876121e-003
178 0.0000000e+000 9.3336756e-003 -1.3965106e-003 0.0000000e+000 0.0000000e+000 0.0000000e+000 -6.0915117e-004 -1.3965106e-003 9.3336756e-003
179 0.0000000e+000 9.2803503e-003 -1.3898938e-003 0.0000000e+000 0.0000000e+000 0.0000000e+000 -6.0257614e-004 -1.3898938e-003 9.2803503e-003
180 0.0000000e+000 9.2276268e-003 -1.3834581e-003 0.0000000e+000 0.0000000e+000 0.0000000e+000 -5.9597326e-004 -1.3834581e-003 9.2276268e-003
181 0.0000000e+000 9.1754959e-003 -1.3772174e-003 0.0000000e+000 0.0000000e+000 0.0000000e+000 -5.8935644e-004 -1.3772174e-003 9.1754959e-003
182 0.0000000e+000 9.1239477e-003 -1.3711857e-003 0.0000000e+000 0.0000000e+000 0.0000000e+000 -5.8275355e-004 -1.3711857e-003 9.1239477e-003
183 0.0000000e+000 9.0729736e-003 -1.3654046e-003 0.0000000e+000 0.0000000e+000 0.0000000e+000 -5.7620639e-004 -1.3654046e-003 9.0729736e-003
184 0.0000000e+000 9.0225648e-003 -1.3598883e-003 0.0000000e+000 0.0000000e+000 0.0000000e+000 -5.6975673e-004 -1.3598883e-003 9.0225648e-003
185 0.0000000e+000 8.9727125e-003 -1.3546924e-003 0.0000000e+000 0.0000000e+000 0.0000000e+000 -5.6343245e-004 -1.3546924e-003 8.9727125e-003
186 0.0000000e+000 8.9234087e-003 -1.3498307e-003 0.0000000e+000 0.0000000e+000 0.0000000e+000 -5.5728925e-004 -1.3498307e-003 8.9234087e-003
187 0.0000000e+000 8.8746461e-003 -1.3453452e-003 0.0000000e+000 0.0000000e+000 0.0000000e+000 -5.5138287e-004 -1.3453452e-003 8.8746461e-003
188 0.0000000e+000 8.8264162e-003 -1.3412916e-003 0.0000000e+000 0.0000000e+000 0.0000000e+000 -5.4575510e-004 -1.3412916e-003 8.8264162e-003
189 0.0000000e+000 8.7787114e-003 -1.3376976e-003 0.0000000e+000 0.0000000e+000 0.0000000e+000 -5.4046164e-004 -1.3376976e-003 8.7787114e-003
190 0.0000000e+000 8.7315249e-003 -1.3346190e-003 0.0000000e+000 0.0000000e+000 0.0000000e+000 -5.3557216e-004 -1.3346190e-003 8.7315249e-003
191 0.0000000e+000 8.6848493e-003 -1.3320837e-003 0.0000000e+000 0.0000000e+000 0.0000000e+000 -5.3112845e-004 -1.3320837e-003 8.6848493e-003
192 0.0000000e+000 8.6386774e-003 -1.3301335e-003 0.0000000e+000 0.0000000e+000 0.0000000e+000 -5.2720015e-004 -1.3301335e-003 8.6386774e-003
193 0.0000000e+000 8.5930023e-003 -1.3288241e-003 0.0000000e+000 0.0000000e+000 0.0000000e+000 -5.2384298e-004 -1.3288241e-003 8.5930023e-003
194 0.0000000e+000 8.5478166e-003 -1.3281833e-003 0.0000000e+000 0.0000000e+000 0.0000000e+000 -5.2109875e-004 -1.3281833e-003 8.5478166e-003
195 0.0000000e+000 8.5031133e-003 -1.3282251e-003 0.0000000e+000 0.0000000e+000 0.0000000e+000 -5.1902315e-004 -1.3282251e-003 8.5031133e-003
196 0.0000000e+000 8.4588864e-003 -1.3289913e-003 0.0000000e+000 0.0000000e+000 0.0000000e+000 -5.1765800e-004 -1.3289913e-003 8.4588864e-003
197 0.0000000e+000 8.4151278e-003 -1.3304957e-003 0.0000000e+000 0.0000000e+000 0.0000000e+000 -5.1703114e-004 -1.3304957e-003 8.4151278e-003
198 0.0000000e+000 8.3718307e-003 -1.3327524e-003 0.0000000e+000 0.0000000e+000 0.0000000e+000 -5.1717045e-004 -1.3327524e-003 8.3718307e-003
199 0.0000000e+000 8.3289878e-003 -1.3357334e-003 0.0000000e+000 0.0000000e+000 0.0000000e+000 -5.1811770e-004 -1.3357334e-003 8.3289878e-003
200 0.0000000e+000 8.2865920e-003 -1.3394528e-003 0.0000000e+000 0.0000000e+000 0.0000000e+000 -5.1984503e-004 -1.3394528e-003 8.2865920e-003
201 0.0000000e+000 8.2446362e-003 -1.3438965e-003 0.0000000e+000 0.0000000e+000 0.0000000e+000 -5.2238032e-004 -1.3438965e-003 8.2446362e-003
202 0.0000000e+000 8.2031127e-003 -1.3490089e-003 0.0000000e+000 0.0000000e+000 0.0000000e+000 -5.2569569e-004 -1.3490089e-003 8.2031127e-003
203 0.0000000e+000 8.1620142e-003 -1.3547620e-003 0.0000000e+000 0.0000000e+000 0.0000000e+000 -5.2976329e-004 -1.3547620e-003 8.1620142e-003
204 0.0000000e+000 8.1213334e-003 -1.3611002e-003 0.0000000e+000 0.0000000e+000 0.0000000e+000 -5.3456919e-004 -1.3611002e-003 8.1213334e-003
205 0.0000000e+000 8.0810624e-003 -1.3679539e-003 0.0000000e+000 0.0000000e+000 0.0000000e+000 -5.4004374e-004 -1.3679539e-003 8.0810624e-003
206 0.0000000e+000 8.0411933e-003 -1.3752672e-003 0.0000000e+000 0.0000000e+000 0.0000000e+000 -5.4614514e-004 -1.3752672e-003 8.0411933e-003
207 0.0000000e+000 8.0017191e-003 -1.3829427e-003 0.0000000e+000 0.0000000e+000 0.0000000e+000 -5.5278982e-004 -1.3829427e-003 8.0017191e-003
208 0.0000000e+000 7.9626314e-003 -1.3908829e-003 0.0000000e+000 0.0000000e+000 0.0000000e+000 -5.5992205e-004 -1.3908829e-003 7.9626314e-003
209 0.0000000e+000 7.9239226e-003 -1.3990041e-003 0.0000000e+000 0.0000000e+000 0.0000000e+000 -5.6745826e-004 -1.3990041e-003 7.9239226e-003
210 0.0000000e+000 7.8855849e-003 -1.4072090e-003 0.0000000e+000 0.0000000e+000 0.0000000e+000 -5.7530093e-004 -1.4072090e-003 7.8855849e-003
211 0.0000000e+000 7.8476106e-003 -1.4153721e-003 0.0000000e+000 0.0000000e+000 0.0000000e+000 -5.8333862e-004 -1.4153721e-003 7.8476106e-003
212 0.0000000e+000 7.8099924e-003 -1.4233819e-003 0.0000000e+000 0.0000000e+000 0.0000000e+000 -5.9150168e-004 -1.4233819e-003 7.8099924e-003
213 0.0000000e+000 7.7727231e-003 -1.4311410e-003 0.0000000e+000 0.0000000e+000 0.0000000e+000 -5.9965082e-004 -1.4311410e-003 7.7727231e-003
214 0.0000000e+000 7.7357947e-003 -1.4385240e-003 0.0000000e+000 0.0000000e+000 0.0000000e+000 -6.0770244e-004 -1.4385240e-003 7.7357947e-003
215 0.0000000e+000 7.6992012e-003 -1.4454194e-003 0.0000000e+000 0.0000000e+000 0.0000000e+000 -6.1555904e-004 -1.4454194e-003 7.6992012e-003
216 0.0000000e+000 7.6629356e-003 -1.4517158e-003 0.0000000e+000 0.0000000e+000 0.0000000e+000 -6.2309524e-004 -1.4517158e-003 7.6629356e-003
217 0.0000000e+000 7.6269916e-003 -1.4573296e-003 0.0000000e+000 0.0000000e+000 0.0000000e+000 -6.3021355e-004 -1.4573296e-003 7.6269916e-003
218 0.0000000e+000 7.5913620e-003 -1.4621495e-003 0.0000000e+000 0.0000000e+000 0.0000000e+000 -6.3684429e-004 -1.4621495e-003 7.5913620e-003
219 0.0000000e+000 7.5560414e-003 -1.4661056e-003 0.0000000e+000 0.0000000e+000 0.0000000e+000 -6.4288998e-004 -1.4661056e-003 7.5560414e-003
220 0.0000000e+000 7.5210240e-003 -1.4691285e-003 0.0000000e+000 0.0000000e+000 0.0000000e+000 -6.4826701e-004 -1.4691285e-003 7.5210240e-003
221 0.0000000e+000 7.4863045e-003 -1.4711623e-003 0.0000000e+000 0.0000000e+000 0.0000000e+000 -6.5293361e-004 -1.4711623e-003 7.4863045e-003
222 0.0000000e+000 7.4518784e-003 -1.4721652e-003 0.0000000e+000 0.0000000e+000 0.0000000e+000 -6.5682012e-004 -1.4721652e-003 7.4518784e-003
223 0.0000000e+000 7.4177413e-003 -1.4721235e-003 0.0000000e+000 0.0000000e+000 0.0000000e+000 -6.5991261e-004 -1.4721235e-003 7.4177413e-003
224 0.0000000e+000 7.3838895e-003 -1.4710090e-003 0.0000000e+000 0.0000000e+000 0.0000000e+000 -6.6216929e-004 -1.4710090e-003 7.3838895e-003
225 0.0000000e+000 7.3503192e-003 -1.4688638e-003 0.0000000e+000 0.0000000e+000 0.0000000e+000 -6.6360410e-004 -1.4688638e-003 7.3503192e-003
226 0.0000000e+000 7.3170274e-003 -1.4657017e-003 0.0000000e+000 0.0000000e+000 0.0000000e+000 -6.6420309e-004 -1.4657017e-003 7.3170274e-003
227 0.0000000e+000 7.2840114e-003 -1.4615783e-003 0.0000000e+000 0.0000000e+000 0.0000000e+000 -6.6400807e-004 -1.4615783e-003 7.2840114e-003
228 0.0000000e+000 7.2512685e-003 -1.4565356e-003 0.0000000e+000 0.0000000e+000 0.0000000e+000 -6.6304689e-004 -1.4565356e-003 7.2512685e-003
229 0.0000000e+000 7.2187965e-003 -1.4506571e-003 0.0000000e+000 0.0000000e+000 0.0000000e+000 -6.6137527e-004 -1.4506571e-003 7.2187965e-003
230 0.0000000e+000 7.1865929e-003 -1.4440264e-003 0.0000000e+000 0.0000000e+000 0.0000000e+000 -6.5902108e-004 -1.4440264e-003 7.1865929e-003
231 0.0000000e+000 7.1546564e-003 -1.4367409e-003 0.0000000e+000 0.0000000e+000 0.0000000e+000 -6.5608182e-004 -1.4367409e-003 7.1546564e-003
232 0.0000000e+000 7.1229851e-003 -1.4288704e-003 0.0000000e+000 0.0000000e+000 0.0000000e+000 -6.5259928e-004 -1.4288704e-003 7.1229851e-003
233 0.0000000e+000 7.0915776e-003 -1.4205123e-003 0.0000000e+000 0.0000000e+000 0.0000000e+000 -6.4865705e-004 -1.4205123e-003 7.0915776e-003
234 0.0000000e+000 7.0604322e-003 -1.4117781e-003 0.0000000e+000 0.0000000e+000 0.0000000e+000 -6.4431085e-004 -1.4117781e-003 7.0604322e-003
235 0.0000000e+000 7.0295471e-003 -1.4027374e-003 0.0000000e+000 0.0000000e+000 0.0000000e+000 -6.3965818e-004 -1.4027374e-003 7.0295471e-003
236 0.0000000e+000 6.9989209e-003 -1.3934878e-003 0.0000000e+000 0.0000000e+000 0.0000000e+000 -6.3472691e-004 -1.3934878e-003 6.9989209e-003
237 0.0000000e+000 6.9685516e-003 -1.3841128e-003 0.0000000e+000 0.0000000e+000 0.0000000e+000 -6.2960062e-004 -1.3841128e-003 6.9685516e-003
238 0.0000000e+000 6.9384380e-003 -1.3746543e-003 0.0000000e+000 0.0000000e+000 0.0000000e+000 -6.2433503e-004 -1.3746543e-003 6.9384380e-003
239 0.0000000e+000 6.9085775e-003 -1.3651957e-003 0.0000000e+000 0.0000000e+000 0.0000000e+000 -6.1897192e-004 -1.3651957e-003 6.9085775e-003
240 0.0000000e+000 6.8789672e-003 -1.3557789e-003 0.0000000e+000 0.0000000e+000 0.0000000e+000 -6.1355310e-004 -1.3557789e-003 6.8789672e-003
241 0.0000000e+000 6.8496048e-003 -1.3464457e-003 0.0000000e+000 0.0000000e+000 0.0000000e+000 -6.0810641e-004 -1.3464457e-003 6.8496048e-003
242 0.0000000e+000 6.8204879e-003 -1.3372240e-003 0.0000000e+000 0.0000000e+000 0.0000000e+000 -6.0265973e-004 -1.3372240e-003 6.8204879e-003
243 0.0000000e+000 6.7916140e-003 -1.3281415e-003 0.0000000e+000 0.0000000e+000 0.0000000e+000 -5.9725483e-004 -1.3281415e-003 6.7916140e-003
244 0.0000000e+000 6.7629805e-003 -1.3192123e-003 0.0000000e+000 0.0000000e+000 0.0000000e+000 -5.9187780e-004 -1.3192123e-003 6.7629805e-003
245 0.0000000e+000 6.7345845e-003 -1.3104502e-003 0.0000000e+000 0.0000000e+000 0.0000000e+000 -5.8654255e-004 -1.3104502e-003 6.7345845e-003
246 0.0000000e+000 6.7064231e-003 -1.3018414e-003 0.0000000e+000 0.0000000e+000 0.0000000e+000 -5.8127696e-004 -1.3018414e-003 6.7064231e-003
247 0.0000000e+000 6.6784935e-003 -1.2933997e-003 0.0000000e+000 0.0000000e+000 0.0000000e+000 -5.7605315e-004 -1.2933997e-003 6.6784935e-003
248 0.0000000e+000 6.6507928e-003 -1.2851113e-003 0.0000000e+000 0.0000000e+000 0.0000000e+000 -5.7088507e-004 -1.2851113e-003 6.6507928e-003
249 0.0000000e+000 6.6233183e-003 -1.2769761e-003 0.0000000e+000 0.0000000e+000 0.0000000e+000 -5.6575878e-004 -1.2769761e-003 6.6233183e-003
250 0.0000000e+000 6.5960666e-003 -1.2689941e-003 0.0000000e+000 0.0000000e+000 0.0000000e+000 -5.6067428e-004 -1.2689941e-003 6.5960666e-003
251 0.0000000e+000 6.5690353e-003 -1.2611375e-003 0.0000000e+000 0.0000000e+000 0.0000000e+000 -5.5564550e-004 -1.2611375e-003 6.5690353e-003
252 0.0000000e+000 6.5422215e-003 -1.2534481e-003 0.0000000e+000 0.0000000e+000 0.0000000e+000 -5.5064458e-004 -1.2534481e-003 6.5422215e-003
253 0.0000000e+000 6.5156180e-003 -1.2458562e-003 0.0000000e+000 0.0000000e+000 0.0000000e+000 -5.4567152e-004 -1.2458562e-003 6.5156180e-003
254 0.0000000e+000 6.4892227e-003 -1.2383896e-003 0.0000000e+000 0.0000000e+000 0.0000000e+000 -5.4075418e-004 -1.2383896e-003 6.4892227e-003
255 0.0000000e+000 6.4630331e-003 -1.2310484e-003 0.0000000e+000 0.0000000e+000 0.0000000e+000 -5.3586470e-004 -1.2310484e-003 6.4630331e-003
256 0.0000000e+000 6.4370469e-003 -1.2238326e-003 0.0000000e+000 0.0000000e+000 0.0000000e+000 -5.3100308e-004 -1.2238326e-003 6.4370469e-003
257 0.0000000e+000 6.4112617e-003 -1.2167282e-003 0.0000000e+000 0.0000000e+000 0.0000000e+000 -5.2618325e-004 -1.2167282e-003 6.4112617e-003
258 0.0000000e+000 6.3856751e-003 -1.2097353e-003 0.0000000e+000 0.0000000e+000 0.0000000e+000 -5.2140521e-004 -1.2097353e-003 6.3856751e-003
259 0.0000000e+000 6.3602849e-003 -1.2028399e-003 0.0000000e+000 0.0000000e+000 0.0000000e+000 -5.1664110e-004 -1.2028399e-003 6.3602849e-003
260 0.0000000e+000 6.3350890e-003 -1.1960559e-003 0.0000000e+000 0.0000000e+000 0.0000000e+000 -5.1193271e-004 -1.1960559e-003 6.3350890e-003
261 0.0000000e+000 6.3100858e-003 -1.1893973e-003 0.0000000e+000 0.0000000e+000 0.0000000e+000 -5.0728004e-004 -1.1893973e-003 6.3100858e-003
262 0.0000000e+000 6.2852730e-003 -1.1828919e-003 0.0000000e+000 0.0000000e+000 0.0000000e+000 -5.0269703e-004 -1.1828919e-003 6.2852730e-003
263 0.0000000e+000 6.2606491e-003 -1.1765258e-003 0.0000000e+000 0.0000000e+000 0.0000000e+000 -4.9819759e-004 -1.1765258e-003 6.2606491e-003
264 0.0000000e+000 6.2362122e-003 -1.1703269e-003 0.0000000e+000 0.0000000e+000 0.0000000e+000 -4.9378174e-004 -1.1703269e-003 6.2362122e-003
265 0.0000000e+000 6.2119604e-003 -1.1643230e-003 0.0000000e+000 0.0000000e+000 0.0000000e+000 -4.8949125e-004 -1.1643230e-003 6.2119604e-003
266 0.0000000e+000 6.1878920e-003 -1.1585142e-003 0.0000000e+000 0.0000000e+000 0.0000000e+000 -4.8532614e-004 -1.1585142e-003 6.1878920e-003
267 0.0000000e+000 6.1640053e-003 -1.1529282e-003 0.0000000e+000 0.0000000e+000 0.0000000e+000 -4.8131426e-004 -1.1529282e-003 6.1640053e-003
268 0.0000000e+000 6.1402986e-003 -1.1475512e-003 0.0000000e+000 0.0000000e+000 0.0000000e+000 -4.7745561e-004 -1.1475512e-003 6.1402986e-003
269 0.0000000e+000 6.1167699e-003 -1.1424388e-003 0.0000000e+000 0.0000000e+000 0.0000000e+000 -4.7376412e-004 -1.1424388e-003 6.1167699e-003
270 0.0000000e+000 6.0934175e-003 -1.1375632e-003 0.0000000e+000 0.0000000e+000 0.0000000e+000 -4.7026766e-004 -1.1375632e-003 6.0934175e-003
271 0.0000000e+000 6.0702398e-003 -1.1329524e-003 0.0000000e+000 0.0000000e+000 0.0000000e+000 -4.6698014e-004 -1.1329524e-003 6.0702398e-003
272 0.0000000e+000 6.0472350e-003 -1.1286201e-003 0.0000000e+000 0.0000000e+000 0.0000000e+000 -4.6390158e-004 -1.1286201e-003 6.0472350e-003
273 0.0000000e+000 6.0244012e-003 -1.1245525e-003 0.0000000e+000 0.0000000e+000 0.0000000e+000 -4.6103197e-004 -1.1245525e-003 6.0244012e-003
274 0.0000000e+000 6.0017366e-003 -1.1207635e-003 0.0000000e+000 0.0000000e+000 0.0000000e+000 -4.5839918e-004 -1.1207635e-003 6.0017366e-003
275 0.0000000e+000 5.9792392e-003 -1.1172531e-003 0.0000000e+000 0.0000000e+000 0.0000000e+000 -4.5598926e-004 -1.1172531e-003 5.9792392e-003
276 0.0000000e+000 5.9569074e-003 -1.1140213e-003 0.0000000e+000 0.0000000e+000 0.0000000e+000 -4.5380223e-004 -1.1140213e-003 5.9569074e-003
277 0.0000000e+000 5.9347391e-003 -1.1110542e-003 0.0000000e+000 0.0000000e+000 0.0000000e+000 -4.5185201e-004 -1.1110542e-003 5.9347391e-003
278 0.0000000e+000 5.9127326e-003 -1.1083517e-003 0.0000000e+000 0.0000000e+000 0.0000000e+000 -4.5012467e-004 -1.1083517e-003 5.9127326e-003
279 0.0000000e+000 5.8908856e-003 -1.1058861e-003 0.0000000e+000 0.0000000e+000 0.0000000e+000 -4.4862022e-004 -1.1058861e-003 5.8908856e-003
280 0.0000000e+000 5.8691967e-003 -1.1036573e-003 0.0000000e+000 0.0000000e+000 0.0000000e+000 -4.4731078e-004 -1.1036573e-003 5.8691967e-003
281 0.0000000e+000 5.8476635e-003 -1.1016513e-003 0.0000000e+000 0.0000000e+000 0.0000000e+000 -4.4619637e-004 -1.1016513e-003 5.8476635e-003
282 0.0000000e+000 5.8262843e-003 -1.0998404e-003 0.0000000e+000 0.0000000e+000 0.0000000e+000 -4.4526305e-004 -1.0998404e-003 5.8262843e-003
283 0.0000000e+000 5.8050570e-003 -1.0981967e-003 0.0000000e+000 0.0000000e+000 0.0000000e+000 -4.4449690e-004 -1.0981967e-003 5.8050570e-003
284 0.0000000e+000 5.7839797e-003 -1.0967340e-003 0.0000000e+000 0.0000000e+000 0.0000000e+000 -4.4388397e-004 -1.0967340e-003 5.7839797e-003
285 0.0000000e+000 5.7630505e-003 -1.0953967e-003 0.0000000e+000 0.0000000e+000 0.0000000e+000 -4.4339641e-004 -1.0953967e-003 5.7630505e-003
286 0.0000000e+000 5.7422676e-003 -1.0941569e-003 0.0000000e+000 0.0000000e+000 0.0000000e+000 -4.4300637e-004 -1.0941569e-003 5.7422676e-003
287 0.0000000e+000 5.7216288e-003 -1.0930286e-003 0.0000000e+000 0.0000000e+000 0.0000000e+000 -4.4271384e-004 -1.0930286e-003 5.7216288e-003
288 0.0000000e+000 5.7011326e-003 -1.0919560e-003 0.0000000e+000 0.0000000e+000 0.0000000e+000 -4.4250489e-004 -1.0919560e-003 5.7011326e-003
289 0.0000000e+000 5.6807770e-003 -1.0909251e-003 0.0000000e+000 0.0000000e+000 0.0000000e+000 -4.4232379e-004 -1.0909251e-003 5.6807770e-003
290 0.0000000e+000 5.6605602e-003 -1.0899222e-003 0.0000000e+000 0.0000000e+000 0.0000000e+000 -4.4218449e-004 -1.0899222e-003 5.6605602e-003
291 0.0000000e+000 5.6404806e-003 -1.0889053e-003 0.0000000e+000 0.0000000e+000 0.0000000e+000 -4.4205912e-004 -1.0889053e-003 5.6404806e-003
292 0.0000000e+000 5.6205363e-003 -1.0878744e-003 0.0000000e+000 0.0000000e+000 0.0000000e+000 -4.4191982e-004 -1.0878744e-003 5.6205363e-003
293 0.0000000e+000 5.6007258e-003 -1.0868157e-003 0.0000000e+000 0.0000000e+000 0.0000000e+000 -4.4176659e-004 -1.0868157e-003 5.6007258e-003
294 0.0000000e+000 5.5810475e-003 -1.0856874e-003 0.0000000e+000 0.0000000e+000 0.0000000e+000 -4.4157157e-004 -1.0856874e-003 5.5810475e-003
295 0.0000000e+000 5.5614998e-003 -1.0845033e-003 0.0000000e+000 0.0000000e+000 0.0000000e+000 -4.4132082e-004 -1.0845033e-003 5.5614998e-003
296 0.0000000e+000 5.5420813e-003 -1.0832218e-003 0.0000000e+000 0.0000000e+000 0.0000000e+000 -4.4100043e-004 -1.0832218e-003 5.5420813e-003
297 0.0000000e+000 5.5227903e-003 -1.0818566e-003 0.0000000e+000 0.0000000e+000 0.0000000e+000 -4.4061039e-004 -1.0818566e-003 5.5227903e-003
298 0.0000000e+000 5.5036257e-003 -1.0803800e-003 0.0000000e+000 0.0000000e+000 0.0000000e+000 -4.4012283e-004 -1.0803800e-003 5.5036257e-003
299 0.0000000e+000 5.4845860e-003 -1.0788059e-003 0.0000000e+000 0.0000000e+000 0.0000000e+000 -4.3956563e-004 -1.0788059e-003 5.4845860e-003
300 0.0000000e+000 5.4656699e-003 -1.0771064e-003 0.0000000e+000 0.0000000e+000 0.0000000e+000 -4.3889698e-004 -1.0771064e-003 5.4656699e-003
301 0.0000000e+000 5.4468762e-003 -1.0752955e-003 0.0000000e+000 0.0000000e+000 0.0000000e+000 -4.3813082e-004 -1.0752955e-003 5.4468762e-003
302 0.0000000e+000 5.4282035e-003 -1.0733592e-003 0.0000000e+000 0.0000000e+000 0.0000000e+000 -4.3725322e-004 -1.0733592e-003 5.4282035e-003
303 0.0000000e+000 5.4096508e-003 -1.0713115e-003 0.0000000e+000 0.0000000e+000 0.0000000e+000 -4.3627811e-004 -1.0713115e-003 5.4096508e-003
304 0.0000000e+000 5.3912169e-003 -1.0691384e-003 0.0000000e+000 0.0000000e+000 0.0000000e+000 -4.3519156e-004 -1.0691384e-003 5.3912169e-003
305 0.0000000e+000 5.3729006e-003 -1.0668399e-003 0.0000000e+000 0.0000000e+000 0.0000000e+000 -4.3400750e-004 -1.0668399e-003 5.3729006e-003
306 0.0000000e+000 5.3547008e-003 -1.0644439e-003 0.0000000e+000 0.0000000e+000 0.0000000e+000 -4.3271200e-004 -1.0644439e-003 5.3547008e-003
307 0.0000000e+000 5.3366167e-003 -1.0619365e-003 0.0000000e+000 0.0000000e+000 0.0000000e+000 -4.3131898e-004 -1.0619365e-003 5.3366167e-003
308 0.0000000e+000 5.3186470e-003 -1.0593316e-003 0.0000000e+000 0.0000000e+000 0.0000000e+000 -4.2984239e-004 -1.0593316e-003 5.3186470e-003
309 0.0000000e+000 5.3007906e-003 -1.0566430e-003 0.0000000e+000 0.0000000e+000 0.0000000e+000 -4.2826828e-004 -1.0566430e-003 5.3007906e-003
310 0.0000000e+000 5.2830468e-003 -1.0538570e-003 0.0000000e+000 0.0000000e+000 0.0000000e+000 -4.2661059e-004 -1.0538570e-003 5.2830468e-003
311 0.0000000e+000 5.2654146e-003 -1.0509874e-003 0.0000000e+000 0.0000000e+000 0.0000000e+000 -4.2488326e-004 -1.0509874e-003 5.2654146e-003
312 0.0000000e+000 5.2478927e-003 -1.0480482e-003 0.0000000e+000 0.0000000e+000 0.0000000e+000 -4.2308627e-004 -1.0480482e-003 5.2478927e-003
313 0.0000000e+000 5.2304805e-003 -1.0450532e-003 0.0000000e+000 0.0000000e+000 0.0000000e+000 -4.2121963e-004 -1.0450532e-003 5.2304805e-003
314 0.0000000e+000 5.2131769e-003 -1.0420164e-003 0.0000000e+000 0.0000000e+000 0.0000000e+000 -4.1929727e-004 -1.0420164e-003 5.2131769e-003
315 0.0000000e+000 5.1959809e-003 -1.0389239e-003 0.0000000e+000 0.0000000e+000 0.0000000e+000 -4.1731919e-004 -1.0389239e-003 5.1959809e-003
316 0.0000000e+000 5.1788919e-003 -1.0357896e-003 0.0000000e+000 0.0000000e+000 0.0000000e+000 -4.1529932e-004 -1.0357896e-003 5.1788919e-003
317 0.0000000e+000 5.1619088e-003 -1.0326414e-003 0.0000000e+000 0.0000000e+000 0.0000000e+000 -4.1323766e-004 -1.0326414e-003 5.1619088e-003
318 0.0000000e+000 5.1450306e-003 -1.0294653e-003 0.0000000e+000 0.0000000e+000 0.0000000e+000 -4.1116207e-004 -1.0294653e-003 5.1450306e-003
319 0.0000000e+000 5.1282566e-003 -1.0262893e-003 0.0000000e+000 0.0000000e+000 0.0000000e+000 -4.0904468e-004 -1.0262893e-003 5.1282566e-003
320 0.0000000e+000 5.1115857e-003 -1.0230993e-003 0.0000000e+000 0.0000000e+000 0.0000000e+000 -4.0692730e-004 -1.0230993e-003 5.1115857e-003
321 0.0000000e+000 5.0950174e-003 -1.0199232e-003 0.0000000e+000 0.0000000e+000 0.0000000e+000 -4.0479599e-004 -1.0199232e-003 5.0950174e-003
322 0.0000000e+000 5.0785505e-003 -1.0167611e-003 0.0000000e+000 0.0000000e+000 0.0000000e+000 -4.0265075e-004 -1.0167611e-003 5.0785505e-003
323 0.0000000e+000 5.0621843e-003 -1.0136128e-003 0.0000000e+000 0.0000000e+000 0.0000000e+000 -4.0051944e-004 -1.0136128e-003 5.0621843e-003
324 0.0000000e+000 5.0459179e-003 -1.0104925e-003 0.0000000e+000 0.0000000e+000 0.0000000e+000 -3.9838813e-004 -1.0104925e-003 5.0459179e-003
325 0.0000000e+000 5.0297505e-003 -1.0074000e-003 0.0000000e+000 0.0000000e+000 0.0000000e+000 -3.9628467e-004 -1.0074000e-003 5.0297505e-003
326 0.0000000e+000 5.0136809e-003 -1.0043493e-003 0.0000000e+000 0.0000000e+000 0.0000000e+000 -3.9419515e-004 -1.0043493e-003 5.0136809e-003
327 0.0000000e+000 4.9977088e-003 -1.0013404e-003 0.0000000e+000 0.0000000e+000 0.0000000e+000 -3.9211956e-004 -1.0013404e-003 4.9977088e-003
328 0.0000000e+000 4.9818330e-003 -9.9837326e-004 0.0000000e+000 0.0000000e+000 0.0000000e+000 -3.9007183e-004 -9.9837326e-004 4.9818330e-003
329 0.0000000e+000 4.9660528e-003 -9.9546186e-004 0.0000000e+000 0.0000000e+000 0.0000000e+000 -3.8806589e-004 -9.9546186e-004 4.9660528e-003
330 0.0000000e+000 4.9503675e-003 -9.9259226e-004 0.0000000e+000 0.0000000e+000 0.0000000e+000 -3.8607388e-004 -9.9259226e-004 4.9503675e-003
331 0.0000000e+000 4.9347760e-003 -9.8979230e-004 0.0000000e+000 0.0000000e+000 0.0000000e+000 -3.8413759e-004 -9.8979230e-004 4.9347760e-003
332 0.0000000e+000 4.9192776e-003 -9.8704806e-004 0.0000000e+000 0.0000000e+000 0.0000000e+000 -3.8222916e-004 -9.8704806e-004 4.9192776e-003
333 0.0000000e+000 4.9038716e-003 -9.8434561e-004 0.0000000e+000 0.0000000e+000 0.0000000e+000 -3.8036252e-004 -9.8434561e-004 4.9038716e-003
334 0.0000000e+000 4.8885569e-003 -9.8171281e-004 0.0000000e+000 0.0000000e+000 0.0000000e+000 -3.7852374e-004 -9.8171281e-004 4.8885569e-003
335 0.0000000e+000 4.8733328e-003 -9.7913574e-004 0.0000000e+000 0.0000000e+000 0.0000000e+000 -3.7674069e-004 -9.7913574e-004 4.8733328e-003
336 0.0000000e+000 4.8581985e-003 -9.7661438e-004 0.0000000e+000 0.0000000e+000 0.0000000e+000 -3.7499942e-004 -9.7661438e-004 4.8581985e-003
337 0.0000000e+000 4.8431533e-003 -9.7416268e-004 0.0000000e+000 0.0000000e+000 0.0000000e+000 -3.7328601e-004 -9.7416268e-004 4.8431533e-003
338 0.0000000e+000 4.8281964e-003 -9.7175276e-004 0.0000000e+000 0.0000000e+000 0.0000000e+000 -3.7161439e-004 -9.7175276e-004 4.8281964e-003
339 0.0000000e+000 4.8133268e-003 -9.6939857e-004 0.0000000e+000 0.0000000e+000 0.0000000e+000 -3.6999850e-004 -9.6939857e-004 4.8133268e-003
340 0.0000000e+000 4.7985437e-003 -9.6711403e-004 0.0000000e+000 0.0000000e+000 0.0000000e+000 -3.6839653e-004 -9.6711403e-004 4.7985437e-003
341 0.0000000e+000 4.7838465e-003 -9.6487127e-004 0.0000000e+000 0.0000000e+000 0.0000000e+000 -3.6685028e-004 -9.6487127e-004 4.7838465e-003
342 0.0000000e+000 4.7692344e-003 -9.6267031e-004 0.0000000e+000 0.0000000e+000 0.0000000e+000 -3.6533190e-004 -9.6267031e-004 4.7692344e-003
343 0.0000000e+000 4.7547062e-003 -9.6051114e-004 0.0000000e+000 0.0000000e+000 0.0000000e+000 -3.6384137e-004 -9.6051114e-004 4.7547062e-003
344 0.0000000e+000 4.7402615e-003 -9.5840769e-004 0.0000000e+000 0.0000000e+000 0.0000000e+000 -3.6237871e-004 -9.5840769e-004 4.7402615e-003
345 0.0000000e+000 4.7258997e-003 -9.5633210e-004 0.0000000e+000 0.0000000e+000 0.0000000e+000 -3.6094390e-004 -9.5633210e-004 4.7258997e-003
346 0.0000000e+000 4.7116199e-003 -9.5431223e-004 0.0000000e+000 0.0000000e+000 0.0000000e+000 -3.5953696e-004 -9.5431223e-004 4.7116199e-003
347 0.0000000e+000 4.6974214e-003 -9.5230629e-004 0.0000000e+000 0.0000000e+000 0.0000000e+000 -3.5815788e-004 -9.5230629e-004 4.6974214e-003
348 0.0000000e+000 4.6833035e-003 -9.5034214e-004 0.0000000e+000 0.0000000e+000 0.0000000e+000 -3.5679272e-004 -9.5034214e-004 4.6833035e-003
349 0.0000000e+000 4.6692656e-003 -9.4840585e-004 0.0000000e+000 0.0000000e+000 0.0000000e+000 -3.5545543e-004 -9.4840585e-004 4.6692656e-003
350 0.0000000e+000 4.6553069e-003 -9.4648349e-004 0.0000000e+000 0.0000000e+000 0.0000000e+000 -3.5411814e-004 -9.4648349e-004 4.6553069e-003
351 0.0000000e+000 4.6414267e-003 -9.4456113e-004 0.0000000e+000 0.0000000e+000 0.0000000e+000 -3.5280870e-004 -9.4456113e-004 4.6414267e-003
352 0.0000000e+000 4.6276282e-003 -9.4269449e-004 0.0000000e+000 0.0000000e+000 0.0000000e+000 -3.5151320e-004 -9.4269449e-004 4.6276282e-003
353 0.0000000e+000 4.6139104e-003 -9.4085571e-004 0.0000000e+000 0.0000000e+000 0.0000000e+000 -3.5021770e-004 -9.4085571e-004 4.6139104e-003
354 0.0000000e+000 4.6002722e-003 -9.3903086e-004 0.0000000e+000 0.0000000e+000 0.0000000e+000 -3.4892219e-004 -9.3903086e-004 4.6002722e-003
355 0.0000000e+000 4.5867133e-003 -9.3721994e-004 0.0000000e+000 0.0000000e+000 0.0000000e+000 -3.4762669e-004 -9.3721994e-004 4.5867133e-003
356 0.0000000e+000 4.5732327e-003 -9.3542295e-004 0.0000000e+000 0.0000000e+000 0.0000000e+000 -3.4633119e-004 -9.3542295e-004 4.5732327e-003
357 0.0000000e+000 4.5598298e-003 -9.3363990e-004 0.0000000e+000 0.0000000e+000 0.0000000e+000 -3.4506354e-004 -9.3363990e-004 4.5598298e-003
358 0.0000000e+000 4.5465041e-003 -9.3188470e-004 0.0000000e+000 0.0000000e+000 0.0000000e+000 -3.4378197e-004 -9.3188470e-004 4.5465041e-003
359 0.0000000e+000 4.5332546e-003 -9.3014343e-004 0.0000000e+000 0.0000000e+000 0.0000000e+000 -3.4251433e-004 -9.3014343e-004 4.5332546e-003
360 0.0000000e+000 4.5200808e-003 -9.2841609e-004 0.0000000e+000 0.0000000e+000 0.0000000e+000 -3.4124668e-004 -9.2841609e-004 4.5200808e-003
361 0.0000000e+000 4.5069820e-003 -9.2670268e-004 0.0000000e+000 0.0000000e+000 0.0000000e+000 -3.3999297e-004 -9.2670268e-004 4.5069820e-003
362 0.0000000e+000 4.4939574e-003 -9.2498928e-004 0.0000000e+000 0.0000000e+000 0.0000000e+000 -3.3872533e-004 -9.2498928e-004 4.4939574e-003
363 0.0000000e+000 4.4810064e-003 -9.2328980e-004 0.0000000e+000 0.0000000e+000 0.0000000e+000 -3.3747162e-004 -9.2328980e-004 4.4810064e-003
364 0.0000000e+000 4.4681281e-003 -9.2160425e-004 0.0000000e+000 0.0000000e+000 0.0000000e+000 -3.3620397e-004 -9.2160425e-004 4.4681281e-003
365 0.0000000e+000 4.4553220e-003 -9.1991871e-004 0.0000000e+000 0.0000000e+000 0.0000000e+000 -3.3495026e-004 -9.1991871e-004 4.4553220e-003
366 0.0000000e+000 4.4425875e-003 -9.1823316e-004 0.0000000e+000 0.0000000e+000 0.0000000e+000 -3.3368262e-004 -9.1823316e-004 4.4425875e-003
367 0.0000000e+000 4.4299240e-003 -9.1656154e-004 0.0000000e+000 0.0000000e+000 0.0000000e+000 -3.3241497e-004 -9.1656154e-004 4.4299240e-003
368 0.0000000e+000 4.4173307e-003 -9.1488992e-004 0.0000000e+000 0.0000000e+000 0.0000000e+000 -3.3114733e-004 -9.1488992e-004 4.4173307e-003
369 0.0000000e+000 4.4048071e-003 -9.1321831e-004 0.0000000e+000 0.0000000e+000 0.0000000e+000 -3.2987969e-004 -9.1321831e-004 4.4048071e-003
370 0.0000000e+000 4.3923526e-003 -9.1156062e-004 0.0000000e+000 0.0000000e+000 0.0000000e+000 -3.2861205e-004 -9.1156062e-004 4.3923526e-003
371 0.0000000e+000 4.3799665e-003 -9.0990293e-004 0.0000000e+000 0.0000000e+000 0.0000000e+000 -3.2734440e-004 -9.0990293e-004 4.3799665e-003
372 0.0000000e+000 4.3676483e-003 -9.0825918e-004 0.0000000e+000 0.0000000e+000 0.0000000e+000 -3.2607676e-004 -9.0825918e-004 4.3676483e-003
373 0.0000000e+000 4.3553973e-003 -9.0661542e-004 0.0000000e+000 0.0000000e+000 0.0000000e+000 -3.2480912e-004 -9.0661542e-004 4.3553973e-003
374 0.0000000e+000 4.3432130e-003 -9.0497166e-004 0.0000000e+000 0.0000000e+000 0.0000000e+000 -3.2354147e-004 -9.0497166e-004 4.3432130e-003
375 0.0000000e+000 4.3310949e-003 -9.0334184e-004 0.0000000e+000 0.0000000e+000 0.0000000e+000 -3.2225990e-004 -9.0334184e-004 4.3310949e-003
376 0.0000000e+000 4.3190424e-003 -9.0171201e-004 0.0000000e+000 0.0000000e+000 0.0000000e+000 -3.2099226e-004 -9.0171201e-004 4.3190424e-003
377 0.0000000e+000 4.3070550e-003 -9.0009611e-004 0.0000000e+000 0.0000000e+000 0.0000000e+000 -3.1972462e-004 -9.0009611e-004 4.3070550e-003
378 0.0000000e+000 4.2951319e-003 -8.9848022e-004 0.0000000e+000 0.0000000e+000 0.0000000e+000 -3.1845697e-004 -8.9848022e-004 4.2951319e-003
379 0.0000000e+000 4.2832727e-003 -8.9687825e-004 0.0000000e+000 0.0000000e+000 0.0000000e+000 -3.1720326e-004 -8.9687825e-004 4.2832727e-003
380 0.0000000e+000 4.2714771e-003 -8.9529022e-004 0.0000000e+000 0.0000000e+000 0.0000000e+000 -3.1593562e-004 -8.9529022e-004 4.2714771e-003
381 0.0000000e+000 4.2597443e-003 -8.9370218e-004 0.0000000e+000 0.0000000e+000 0.0000000e+000 -3.1468190e-004 -8.9370218e-004 4.2597443e-003
382 0.0000000e+000 4.2480738e-003 -8.9212807e-004 0.0000000e+000 0.0000000e+000 0.0000000e+000 -3.1342819e-004 -8.9212807e-004 4.2480738e-003
383 0.0000000e+000 4.2364652e-003 -8.9056790e-004 0.0000000e+000 0.0000000e+000 0.0000000e+000 -3.1217448e-004 -8.9056790e-004 4.2364652e-003
384 0.0000000e+000 4.2249180e-003 -8.8902165e-004 0.0000000e+000 0.0000000e+000 0.0000000e+000 -3.1092077e-004 -8.8902165e-004 4.2249180e-003
385 0.0000000e+000 4.2134316e-003 -8.8747541e-004 0.0000000e+000 0.0000000e+000 0.0000000e+000 -3.0969491e-004 -8.8747541e-004 4.2134316e-003
386 0.0000000e+000 4.2020057e-003 -8.8595702e-004 0.0000000e+000 0.0000000e+000 0.0000000e+000 -3.0845513e-004 -8.8595702e-004 4.2020057e-003
387 0.0000000e+000 4.1906397e-003 -8.8443863e-004 0.0000000e+000 0.0000000e+000 0.0000000e+000 -3.0722928e-004 -8.8443863e-004 4.1906397e-003
388 0.0000000e+000 4.1793331e-003 -8.8294811e-004 0.0000000e+000 0.0000000e+000 0.0000000e+000 -3.0601736e-004 -8.8294811e-004 4.1793331e-003
389 0.0000000e+000 4.1680855e-003 -8.8147151e-004 0.0000000e+000 0.0000000e+000 0.0000000e+000 -3.0480543e-004 -8.8147151e-004 4.1680855e-003
390 0.0000000e+000 4.1568964e-003 -8.8000885e-004 0.0000000e+000 0.0000000e+000 0.0000000e+000 -3.0362137e-004 -8.8000885e-004 4.1568964e-003
391 0.0000000e+000 4.1457654e-003 -8.7857404e-004 0.0000000e+000 0.0000000e+000 0.0000000e+000 -3.0243731e-004 -8.7857404e-004 4.1457654e-003
392 0.0000000e+000 4.1346920e-003 -8.7715317e-004 0.0000000e+000 0.0000000e+000 0.0000000e+000 -3.0126718e-004 -8.7715317e-004 4.1346920e-003
393 0.0000000e+000 4.1236758e-003 -8.7576016e-004 0.0000000e+000 0.0000000e+000 0.0000000e+000 -3.0011098e-004 -8.7576016e-004 4.1236758e-003
394 0.0000000e+000 4.1127163e-003 -8.7439500e-004 0.0000000e+000 0.0000000e+000 0.0000000e+000 -2.9898263e-004 -8.7439500e-004 4.1127163e-003
395 0.0000000e+000 4.1018131e-003 -8.7305771e-004 0.0000000e+000 0.0000000e+000 0.0000000e+000 -2.9786822e-004 -8.7305771e-004 4.1018131e-003
396 0.0000000e+000 4.0909659e-003 -8.7174828e-004 0.0000000e+000 0.0000000e+000 0.0000000e+000 -2.9676774e-004 -8.7174828e-004 4.0909659e-003
397 0.0000000e+000 4.0801742e-003 -8.7046670e-004 0.0000000e+000 0.0000000e+000 0.0000000e+000 -2.9569512e-004 -8.7046670e-004 4.0801742e-003
398 0.0000000e+000 4.0694377e-003 -8.6922692e-004 0.0000000e+000 0.0000000e+000 0.0000000e+000 -2.9465036e-004 -8.6922692e-004 4.0694377e-003
399 0.0000000e+000 4.0587558e-003 -8.6800107e-004 0.0000000e+000 0.0000000e+000 0.0000000e+000 -2.9361953e-004 -8.6800107e-004 4.0587558e-003
400 0.0000000e+000 4.0481280e-003 -8.6681701e-004 0.0000000e+000 0.0000000e+000 0.0000000e+000 -2.9261656e-004 -8.6681701e-004 4.0481280e-003
401 0.0000000e+000 4.0375542e-003 -8.6567473e-004 0.0000000e+000 0.0000000e+000 0.0000000e+000 -2.9162752e-004 -8.6567473e-004 4.0375542e-003
402 0.0000000e+000 4.0270339e-003 -8.6456032e-004 0.0000000e+000 0.0000000e+000 0.0000000e+000 -2.9068027e-004 -8.6456032e-004 4.0270339e-003
403 0.0000000e+000 4.0165665e-003 -8.6347377e-004 0.0000000e+000 0.0000000e+000 0.0000000e+000 -2.8974695e-004 -8.6347377e-004 4.0165665e-003
404 0.0000000e+000 4.0061518e-003 -8.6242901e-004 0.0000000e+000 0.0000000e+000 0.0000000e+000 -2.8884149e-004 -8.6242901e-004 4.0061518e-003
405 0.0000000e+000 3.9957892e-003 -8.6141211e-004 0.0000000e+000 0.0000000e+000 0.0000000e+000 -2.8796389e-004 -8.6141211e-004 3.9957892e-003
406 0.0000000e+000 3.9854785e-003 -8.6042307e-004 0.0000000e+000 0.0000000e+000 0.0000000e+000 -2.8710022e-004 -8.6042307e-004 3.9854785e-003
407 0.0000000e+000 3.9752191e-003 -8.5946189e-004 0.0000000e+000 0.0000000e+000 0.0000000e+000 -2.8625048e-004 -8.5946189e-004 3.9752191e-003
408 0.0000000e+000 3.9650105e-003 -8.5851464e-004 0.0000000e+000 0.0000000e+000 0.0000000e+000 -2.8542861e-004 -8.5851464e-004 3.9650105e-003
409 0.0000000e+000 3.9548527e-003 -8.5759525e-004 0.0000000e+000 0.0000000e+000 0.0000000e+000 -2.8460673e-004 -8.5759525e-004 3.9548527e-003
410 0.0000000e+000 3.9447448e-003 -8.5668979e-004 0.0000000e+000 0.0000000e+000 0.0000000e+000 -2.8381271e-004 -8.5668979e-004 3.9447448e-003
411 0.0000000e+000 3.9346867e-003 -8.5581219e-004 0.0000000e+000 0.0000000e+000 0.0000000e+000 -2.8301869e-004 -8.5581219e-004 3.9346867e-003
412 0.0000000e+000 3.9246779e-003 -8.5493459e-004 0.0000000e+000 0.0000000e+000 0.0000000e+000 -2.8222467e-004 -8.5493459e-004 3.9246779e-003
413 0.0000000e+000 3.9147181e-003 -8.5407093e-004 0.0000000e+000 0.0000000e+000 0.0000000e+000 -2.8144459e-004 -8.5407093e-004 3.9147181e-003
414 0.0000000e+000 3.9048068e-003 -8.5320726e-004 0.0000000e+000 0.0000000e+000 0.0000000e+000 -2.8067843e-004 -8.5320726e-004 3.9048068e-003
415 0.0000000e+000 3.8949439e-003 -8.5235752e-004 0.0000000e+000 0.0000000e+000 0.0000000e+000 -2.7989834e-004 -8.5235752e-004 3.8949439e-003
416 0.0000000e+000 3.8851287e-003 -8.5152171e-004 0.0000000e+000 0.0000000e+000 0.0000000e+000 -2.7913218e-004 -8.5152171e-004 3.8851287e-003
417 0.0000000e+000 3.8753611e-003 -8.5067197e-004 0.0000000e+000 0.0000000e+000 0.0000000e+000 -2.7835209e-004 -8.5067197e-004 3.8753611e-003
418 0.0000000e+000 3.8656405e-003 -8.4983616e-004 0.0000000e+000 0.0000000e+000 0.0000000e+000 -2.7758594e-004 -8.4983616e-004 3.8656405e-003
419 0.0000000e+000 3.8559669e-003 -8.4900035e-004 0.0000000e+000 0.0000000e+000 0.0000000e+000 -2.7680585e-004 -8.4900035e-004 3.8559669e-003
420 0.0000000e+000 3.8463398e-003 -8.4816455e-004 0.0000000e+000 0.0000000e+000 0.0000000e+000 -2.7602576e-004 -8.4816455e-004 3.8463398e-003
421 0.0000000e+000 3.8367586e-003 -8.4734267e-004 0.0000000e+000 0.0000000e+000 0.0000000e+000 -2.7524567e-004 -8.4734267e-004 3.8367586e-003
422 0.0000000e+000 3.8272234e-003 -8.4650686e-004 0.0000000e+000 0.0000000e+000 0.0000000e+000 -2.7446558e-004 -8.4650686e-004 3.8272234e-003
423 0.0000000e+000 3.8177335e-003 -8.4568498e-004 0.0000000e+000 0.0000000e+000 0.0000000e+000 -2.7368550e-004 -8.4568498e-004 3.8177335e-003
424 0.0000000e+000 3.8082889e-003 -8.4486310e-004 0.0000000e+000 0.0000000e+000 0.0000000e+000 -2.7290541e-004 -8.4486310e-004 3.8082889e-003
425 0.0000000e+000 3.7988891e-003 -8.4404122e-004 0.0000000e+000 0.0000000e+000 0.0000000e+000 -2.7212532e-004 -8.4404122e-004 3.7988891e-003
426 0.0000000e+000 3.7895338e-003 -8.4321934e-004 0.0000000e+000 0.0000000e+000 0.0000000e+000 -2.7134523e-004 -8.4321934e-004 3.7895338e-003
427 0.0000000e+000 3.7802227e-003 -8.4241140e-004 0.0000000e+000 0.0000000e+000 0.0000000e+000 -2.7056514e-004 -8.4241140e-004 3.7802227e-003
428 0.0000000e+000 3.7709554e-003 -8.4160345e-004 0.0000000e+000 0.0000000e+000 0.0000000e+000 -2.6977113e-004 -8.4160345e-004 3.7709554e-003
429 0.0000000e+000 3.7617319e-003 -8.4079550e-004 0.0000000e+000 0.0000000e+000 0.0000000e+000 -2.6899104e-004 -8.4079550e-004 3.7617319e-003
430 0.0000000e+000 3.7525515e-003 -8.3998755e-004 0.0000000e+000 0.0000000e+000 0.0000000e+000 -2.6821095e-004 -8.3998755e-004 3.7525515e-003
431 0.0000000e+000 3.7434141e-003 -8.3919353e-004 0.0000000e+000 0.0000000e+000 0.0000000e+000 -2.6741693e-004 -8.3919353e-004 3.7434141e-003
432 0.0000000e+000 3.7343194e-003 -8.3839952e-004 0.0000000e+000 0.0000000e+000 0.0000000e+000 -2.6663684e-004 -8.3839952e-004 3.7343194e-003
433 0.0000000e+000 3.7252672e-003 -8.3760550e-004 0.0000000e+000 0.0000000e+000 0.0000000e+000 -2.6585676e-004 -8.3760550e-004 3.7252672e-003
434 0.0000000e+000 3.7162572e-003 -8.3682541e-004 0.0000000e+000 0.0000000e+000 0.0000000e+000 -2.6507667e-004 -8.3682541e-004 3.7162572e-003
435 0.0000000e+000 3.7072888e-003 -8.3604532e-004 0.0000000e+000 0.0000000e+000 0.0000000e+000 -2.6429658e-004 -8.3604532e-004 3.7072888e-003
436 0.0000000e+000 3.6983621e-003 -8.3526523e-004 0.0000000e+000 0.0000000e+000 0.0000000e+000 -2.6351649e-004 -8.3526523e-004 3.6983621e-003
437 0.0000000e+000 3.6894766e-003 -8.3448515e-004 0.0000000e+000 0.0000000e+000 0.0000000e+000 -2.6273640e-004 -8.3448515e-004 3.6894766e-003
438 0.0000000e+000 3.6806321e-003 -8.3373292e-004 0.0000000e+000 0.0000000e+000 0.0000000e+000 -2.6195632e-004 -8.3373292e-004 3.6806321e-003
439 0.0000000e+000 3.6718283e-003 -8.3296676e-004 0.0000000e+000 0.0000000e+000 0.0000000e+000 -2.6117623e-004 -8.3296676e-004 3.6718283e-003
440 0.0000000e+000 3.6630648e-003 -8.3221453e-004 0.0000000e+000 0.0000000e+000 0.0000000e+000 -2.6041007e-004 -8.3221453e-004 3.6630648e-003
441 0.0000000e+000 3.6543415e-003 -8.3146231e-004 0.0000000e+000 0.0000000e+000 0.0000000e+000 -2.5962998e-004 -8.3146231e-004 3.6543415e-003
442 0.0000000e+000 3.6456580e-003 -8.3072401e-004 0.0000000e+000 0.0000000e+000 0.0000000e+000 -2.5886383e-004 -8.3072401e-004 3.6456580e-003
443 0.0000000e+000 3.6370142e-003 -8.2998571e-004 0.0000000e+000 0.0000000e+000 0.0000000e+000 -2.5809767e-004 -8.2998571e-004 3.6370142e-003
444 0.0000000e+000 3.6284097e-003 -8.2926134e-004 0.0000000e+000 0.0000000e+000 0.0000000e+000 -2.5733151e-004 -8.2926134e-004 3.6284097e-003
445 0.0000000e+000 3.6198442e-003 -8.2853698e-004 0.0000000e+000 0.0000000e+000 0.0000000e+000 -2.5656535e-004 -8.2853698e-004 3.6198442e-003
446 0.0000000e+000 3.6113174e-003 -8.2782654e-004 0.0000000e+000 0.0000000e+000 0.0000000e+000 -2.5579919e-004 -8.2782654e-004 3.6113174e-003
447 0.0000000e+000 3.6028293e-003 -8.2711610e-004 0.0000000e+000 0.0000000e+000 0.0000000e+000 -2.5504697e-004 -8.2711610e-004 3.6028293e-003
448 0.0000000e+000 3.5943795e-003 -8.2641959e-004 0.0000000e+000 0.0000000e+000 0.0000000e+000 -2.5429474e-004 -8.2641959e-004 3.5943795e-003
449 0.0000000e+000 3.5859677e-003 -8.2572309e-004 0.0000000e+000 0.0000000e+000 0.0000000e+000 -2.5354251e-004 -8.2572309e-004 3.5859677e-003
450 0.0000000e+000 3.5775938e-003 -8.2504051e-004 0.0000000e+000 0.0000000e+000 0.0000000e+000 -2.5279028e-004 -8.2504051e-004 3.5775938e-003
451 0.0000000e+000 3.5692574e-003 -8.2437186e-004 0.0000000e+000 0.0000000e+000 0.0000000e+000 -2.5205199e-004 -8.2437186e-004 3.5692574e-003
452 0.0000000e+000 3.5609583e-003 -8.2370322e-004 0.0000000e+000 0.0000000e+000 0.0000000e+000 -2.5129976e-004 -8.2370322e-004 3.5609583e-003
453 0.0000000e+000 3.5526963e-003 -8.2304850e-004 0.0000000e+000 0.0000000e+000 0.0000000e+000 -2.5057539e-004 -8.2304850e-004 3.5526963e-003
454 0.0000000e+000 3.5444711e-003 -8.2240771e-004 0.0000000e+000 0.0000000e+000 0.0000000e+000 -2.4983709e-004 -8.2240771e-004 3.5444711e-003
455 0.0000000e+000 3.5362824e-003 -8.2176693e-004 0.0000000e+000 0.0000000e+000 0.0000000e+000 -2.4911273e-004 -8.2176693e-004 3.5362824e-003
456 0.0000000e+000 3.5281301e-003 -8.2114007e-004 0.0000000e+000 0.0000000e+000 0.0000000e+000 -2.4838836e-004 -8.2114007e-004 3.5281301e-003
457 0.0000000e+000 3.5200138e-003 -8.2051321e-004 0.0000000e+000 0.0000000e+000 0.0000000e+000 -2.4766399e-004 -8.2051321e-004 3.5200138e-003
458 0.0000000e+000 3.5119335e-003 -8.1990029e-004 0.0000000e+000 0.0000000e+000 0.0000000e+000 -2.4695355e-004 -8.1990029e-004 3.5119335e-003
459 0.0000000e+000 3.5038887e-003 -8.1930129e-004 0.0000000e+000 0.0000000e+000 0.0000000e+000 -2.4624312e-004 -8.1930129e-004 3.5038887e-003
460 0.0000000e+000 3.4958794e-003 -8.1870230e-004 0.0000000e+000 0.0000000e+000 0.0000000e+000 -2.4553268e-004 -8.1870230e-004 3.4958794e-003
461 0.0000000e+000 3.4879052e-003 -8.1811723e-004 0.0000000e+000 0.0000000e+000 0.0000000e+000 -2.4483617e-004 -8.1811723e-004 3.4879052e-003
462 0.0000000e+000 3.4799660e-003 -8.1754609e-004 0.0000000e+000 0.0000000e+000 0.0000000e+000 -2.4412574e-004 -8.1754609e-004 3.4799660e-003
463 0.0000000e+000 3.4720615e-003 -8.1697496e-004 0.0000000e+000 0.0000000e+000 0.0000000e+000 -2.4342923e-004 -8.1697496e-004 3.4720615e-003
464 0.0000000e+000 3.4641914e-003 -8.1640382e-004 0.0000000e+000 0.0000000e+000 0.0000000e+000 -2.4274665e-004 -8.1640382e-004 3.4641914e-003
465 0.0000000e+000 3.4563557e-003 -8.1586055e-004 0.0000000e+000 0.0000000e+000 0.0000000e+000 -2.4206407e-004 -8.1586055e-004 3.4563557e-003
466 0.0000000e+000 3.4485540e-003 -8.1530334e-004 0.0000000e+000 0.0000000e+000 0.0000000e+000 -2.4136757e-004 -8.1530334e-004 3.4485540e-003
467 0.0000000e+000 3.4407861e-003 -8.1477400e-004 0.0000000e+000 0.0000000e+000 0.0000000e+000 -2.4069892e-004 -8.1477400e-004 3.4407861e-003
468 0.0000000e+000 3.4330518e-003 -8.1424465e-004 0.0000000e+000 0.0000000e+000 0.0000000e+000 -2.4001634e-004 -8.1424465e-004 3.4330518e-003
469 0.0000000e+000 3.4253510e-003 -8.1371530e-004 0.0000000e+000 0.0000000e+000 0.0000000e+000 -2.3934770e-004 -8.1371530e-004 3.4253510e-003
470 0.0000000e+000 3.4176834e-003 -8.1319989e-004 0.0000000e+000 0.0000000e+000 0.0000000e+000 -2.3867905e-004 -8.1319989e-004 3.4176834e-003
471 0.0000000e+000 3.4100487e-003 -8.1268447e-004 0.0000000e+000 0.0000000e+000 0.0000000e+000 -2.3801040e-004 -8.1268447e-004 3.4100487e-003
472 0.0000000e+000 3.4024468e-003 -8.1218299e-004 0.0000000e+000 0.0000000e+000 0.0000000e+000 -2.3734176e-004 -8.1218299e-004 3.4024468e-003
473 0.0000000e+000 3.3948774e-003 -8.1169543e-004 0.0000000e+000 0.0000000e+000 0.0000000e+000 -2.3668704e-004 -8.1169543e-004 3.3948774e-003
474 0.0000000e+000 3.3873403e-003 -8.1120788e-004 0.0000000e+000 0.0000000e+000 0.0000000e+000 -2.3601839e-004 -8.1120788e-004 3.3873403e-003
475 0.0000000e+000 3.3798355e-003 -8.1072032e-004 0.0000000e+000 0.0000000e+000 0.0000000e+000 -2.3536368e-004 -8.1072032e-004 3.3798355e-003
476 0.0000000e+000 3.3723627e-003 -8.1024670e-004 0.0000000e+000 0.0000000e+000 0.0000000e+000 -2.3470896e-004 -8.1024670e-004 3.3723627e-003
477 0.0000000e+000 3.3649215e-003 -8.0977307e-004 0.0000000e+000 0.0000000e+000 0.0000000e+000 -2.3406817e-004 -8.0977307e-004 3.3649215e-003
478 0.0000000e+000 3.3575119e-003 -8.0929945e-004 0.0000000e+000 0.0000000e+000 0.0000000e+000 -2.3341346e-004 -8.0929945e-004 3.3575119e-003
479 0.0000000e+000 3.3501336e-003 -8.0883975e-004 0.0000000e+000 0.0000000e+000 0.0000000e+000 -2.3277267e-004 -8.0883975e-004 3.3501336e-003
480 0.0000000e+000 3.3427865e-003 -8.0839399e-004 0.0000000e+000 0.0000000e+000 0.0000000e+000 -2.3211795e-004 -8.0839399e-004 3.3427865e-003
481 0.0000000e+000 3.3354704e-003 -8.0793430e-004 0.0000000e+000 0.0000000e+000 0.0000000e+000 -2.3147717e-004 -8.0793430e-004 3.3354704e-003
482 0.0000000e+000 3.3281852e-003 -8.0748853e-004 0.0000000e+000 0.0000000e+000 0.0000000e+000 -2.3083638e-004 -8.0748853e-004 3.3281852e-003
483 0.0000000e+000 3.3209303e-003 -8.0705670e-004 0.0000000e+000 0.0000000e+000 0.0000000e+000 -2.3020952e-004 -8.0705670e-004 3.3209303e-003
484 0.0000000e+000 3.3137060e-003 -8.0662486e-004 0.0000000e+000 0.0000000e+000 0.0000000e+000 -2.2956874e-004 -8.0662486e-004 3.3137060e-003
485 0.0000000e+000 3.3065120e-003 -8.0620696e-004 0.0000000e+000 0.0000000e+000 0.0000000e+000 -2.2894188e-004 -8.0620696e-004 3.3065120e-003
486 0.0000000e+000 3.2993480e-003 -8.0577512e-004 0.0000000e+000 0.0000000e+000 0.0000000e+000 -2.2831502e-004 -8.0577512e-004 3.2993480e-003
487 0.0000000e+000 3.2922138e-003 -8.0537115e-004 0.0000000e+000 0.0000000e+000 0.0000000e+000 -2.2768817e-004 -8.0537115e-004 3.2922138e-003
488 0.0000000e+000 3.2851093e-003 -8.0496718e-004 0.0000000e+000 0.0000000e+000 0.0000000e+000 -2.2706131e-004 -8.0496718e-004 3.2851093e-003
489 0.0000000e+000 3.2780341e-003 -8.0456320e-004 0.0000000e+000 0.0000000e+000 0.0000000e+000 -2.2644839e-004 -8.0456320e-004 3.2780341e-003
490 0.0000000e+000 3.2709884e-003 -8.0417316e-004 0.0000000e+000 0.0000000e+000 0.0000000e+000 -2.2582153e-004 -8.0417316e-004 3.2709884e-003
491 0.0000000e+000 3.2639719e-003 -8.0378311e-004 0.0000000e+000 0.0000000e+000 0.0000000e+000 -2.2520860e-004 -8.0378311e-004 3.2639719e-003
492 0.0000000e+000 3.2569843e-003 -8.0340700e-004 0.0000000e+000 0.0000000e+000 0.0000000e+000 -2.2459568e-004 -8.0340700e-004 3.2569843e-003
493 0.0000000e+000 3.2500255e-003 -8.0303089e-004 0.0000000e+000 0.0000000e+000 0.0000000e+000 -2.2399668e-004 -8.0303089e-004 3.2500255e-003
494 0.0000000e+000 3.2430954e-003 -8.0265477e-004 0.0000000e+000 0.0000000e+000 0.0000000e+000 -2.2338375e-004 -8.0265477e-004 3.2430954e-003
495 0.0000000e+000 3.2361937e-003 -8.0230652e-004 0.0000000e+000 0.0000000e+000 0.0000000e+000 -2.2278476e-004 -8.0230652e-004 3.2361937e-003
496 0.0000000e+000 3.2293203e-003 -8.0194433e-004 0.0000000e+000 0.0000000e+000 0.0000000e+000 -2.2218576e-004 -8.0194433e-004 3.2293203e-003
497 0.0000000e+000 3.2224750e-003 -8.0159608e-004 0.0000000e+000 0.0000000e+000 0.0000000e+000 -2.2158677e-004 -8.0159608e-004 3.2224750e-003
498 0.0000000e+000 3.2156576e-003 -8.0126176e-004 0.0000000e+000 0.0000000e+000 0.0000000e+000 -2.2098777e-004 -8.0126176e-004 3.2156576e-003
499 0.0000000e+000 3.2088681e-003 -8.0092743e-004 0.0000000e+000 0.0000000e+000 0.0000000e+000 -2.2040270e-004 -8.0092743e-004 3.2088681e-003
500 0.0000000e+000 3.2021061e-006 -8.0059311e-004 0.0000000e+000 0.0000000e+000 0.0000000e+000 -2.1981764e-004 -8.0059311e-004 3.2021061e-003